n anno mese giorno hum_int time RH_raw RH_true temp_int temp_corr
0 2022 12 15 45382.00 1.201136 1816 55.46 6234 22.74
1 2022 12 15 45382.40 1.601136 1816 58.99 6234 22.74
2 2022 12 15 45382.80 2.001136 1815 58.96 6235 22.75
3 2022 12 15 45383.40 2.802342 1815 58.96 6234 22.74
4 2022 12 15 45383.80 3.202342 1816 58.99 6235 22.75
5 2022 12 15 45384.20 3.602342 1815 58.96 6236 22.76
6 2022 12 15 45384.40 4.003034 1816 58.99 6235 22.75
7 2022 12 15 45384.80 4.403034 1816 58.99 6236 22.76
8 2022 12 15 45385.20 4.803034 1816 58.99 6235 22.75
9 2022 12 15 45385.40 5.203941 1815 58.96 6236 22.76
10 2022 12 15 45385.80 5.603941 1816 58.99 6235 22.75
11 2022 12 15 45386.20 6.003941 1815 58.96 6236 22.76
12 2022 12 15 45386.00 6.004611 1816 58.99 6235 22.75
13 2022 12 15 45386.40 6.404611 1816 58.99 6236 22.76
14 2022 12 15 45386.80 6.804611 1816 58.99 6235 22.75
15 2022 12 15 45388.00 7.205475 1816 58.99 6236 22.76
16 2022 12 15 45388.40 7.605475 1816 58.99 6235 22.75
17 2022 12 15 45388.80 8.005475 1816 58.99 6235 22.75
18 2022 12 15 45389.20 8.405475 1816 58.99 6236 22.76
19 2022 12 15 45389.40 8.806231 1816 58.99 6234 22.74
20 2022 12 15 45389.80 9.206231 1816 58.99 6236 22.76
21 2022 12 15 45390.20 9.606231 1816 58.99 6235 22.75
22 2022 12 15 45390.40 10.006972 1816 58.99 6234 22.74
23 2022 12 15 45390.80 10.406972 1816 58.99 6235 22.75
24 2022 12 15 45391.20 10.806972 1816 58.99 6235 22.75
25 2022 12 15 45391.40 11.207770 1816 58.99 6236 22.76
26 2022 12 15 45391.80 11.607770 1816 58.99 6235 22.75
27 2022 12 15 45392.20 12.007770 1816 58.99 6234 22.74
28 2022 12 15 45392.40 12.408503 1816 58.99 6235 22.75
29 2022 12 15 45392.80 12.808503 1816 58.99 6235 22.75
30 2022 12 15 45393.20 13.208503 1816 58.99 6235 22.75
31 2022 12 15 45394.40 13.609420 1816 58.99 6236 22.76
32 2022 12 15 45394.80 14.009420 1815 58.96 6234 22.74
33 2022 12 15 45395.20 14.409420 1816 58.99 6236 22.76
34 2022 12 15 45395.00 14.410542 1816 58.99 6235 22.75
35 2022 12 15 45395.40 14.810542 1816 58.99 6235 22.75
36 2022 12 15 45395.80 15.210542 1816 58.99 6234 22.74
37 2022 12 15 45396.00 15.611509 1816 58.99 6235 22.75
38 2022 12 15 45396.40 16.011509 1816 58.99 6234 22.74
39 2022 12 15 45396.80 16.411509 1816 58.99 6236 22.76
40 2022 12 15 45397.20 16.811509 1816 58.99 6235 22.75
41 2022 12 15 45397.40 17.212792 1816 58.99 6235 22.75
42 2022 12 15 45397.80 17.612792 1816 58.99 6235 22.75
43 2022 12 15 45398.20 18.012792 1816 58.99 6236 22.76
44 2022 12 15 45398.40 18.413308 1816 58.99 6236 22.76
45 2022 12 15 45398.80 18.813308 1816 58.99 6236 22.76
46 2022 12 15 45399.20 19.213308 1816 58.99 6236 22.76
47 2022 12 15 45400.40 19.613806 1816 58.99 6236 22.76
48 2022 12 15 45400.80 20.013806 1816 58.99 6236 22.76
49 2022 12 15 45401.20 20.413806 1815 58.96 6236 22.76
50 2022 12 15 45401.40 20.814285 1816 58.99 6236 22.76
51 2022 12 15 45401.80 21.214285 1816 58.99 6236 22.76
52 2022 12 15 45402.20 21.614285 1816 58.99 6235 22.75
53 2022 12 15 45402.40 22.014903 1815 58.96 6237 22.77
54 2022 12 15 45402.80 22.414903 1816 58.99 6236 22.76
55 2022 12 15 45403.20 22.814903 1816 58.99 6236 22.76
56 2022 12 15 45403.00 22.815556 1815 58.96 6237 22.77
57 2022 12 15 45403.40 23.215556 1816 58.99 6236 22.76
58 2022 12 15 45403.80 23.615556 1815 58.96 6236 22.76
59 2022 12 15 45404.00 24.015896 1815 58.96 6236 22.76
60 2022 12 15 45404.40 24.415896 1815 58.96 6236 22.76
61 2022 12 15 45404.80 24.815896 1815 58.96 6236 22.76
62 2022 12 15 45405.20 25.215896 1815 58.96 6237 22.77
63 2022 12 15 45406.40 25.616192 1815 58.96 6235 22.75
64 2022 12 15 45406.80 26.016192 1815 58.96 6236 22.76
65 2022 12 15 45407.20 26.416192 1815 58.96 6237 22.77
66 2022 12 15 45407.40 26.816449 1816 58.99 6236 22.76
67 2022 12 15 45407.80 27.216449 1815 58.96 6236 22.76
68 2022 12 15 45408.20 27.616449 1815 58.96 6237 22.77
69 2022 12 15 45408.40 28.016936 1815 58.96 6237 22.77
70 2022 12 15 45408.80 28.416936 1815 58.96 6237 22.77
71 2022 12 15 45409.20 28.816936 1815 58.96 6236 22.76
72 2022 12 15 45409.40 29.217468 1815 58.96 6236 22.76
73 2022 12 15 45409.80 29.617468 1814 58.93 6237 22.77
74 2022 12 15 45410.20 30.017468 1814 58.93 6237 22.77
75 2022 12 15 45410.40 30.417747 1815 58.96 6237 22.77
76 2022 12 15 45410.80 30.817747 1815 58.96 6238 22.78
77 2022 12 15 45411.20 31.217747 1815 58.96 6237 22.77
78 2022 12 15 45412.00 31.218091 1815 58.96 6237 22.77
79 2022 12 15 45412.40 31.618091 1815 58.96 6237 22.77
80 2022 12 15 45412.80 32.018091 1814 58.93 6237 22.77
81 2022 12 15 45413.00 32.418365 1814 58.93 6238 22.78
82 2022 12 15 45413.40 32.818365 1814 58.93 6237 22.77
83 2022 12 15 45413.80 33.218365 1814 58.93 6236 22.76
84 2022 12 15 45414.20 33.618365 1814 58.93 6237 22.77
85 2022 12 15 45414.40 34.018708 1814 58.93 6237 22.77
86 2022 12 15 45414.80 34.418708 1814 58.93 6238 22.78
87 2022 12 15 45415.20 34.818708 1814 58.93 6237 22.77
88 2022 12 15 45415.40 35.219024 1814 58.93 6236 22.76
89 2022 12 15 45415.80 35.619024 1814 58.93 6238 22.78
90 2022 12 15 45416.20 36.019024 1814 58.93 6237 22.77
91 2022 12 15 45416.40 36.419330 1814 58.93 6237 22.77
92 2022 12 15 45416.80 36.819330 1814 58.93 6236 22.76
93 2022 12 15 45417.20 37.219330 1814 58.93 6237 22.77
94 2022 12 15 45418.40 37.619906 1815 58.96 6238 22.78
95 2022 12 15 45418.80 38.019906 1814 58.93 6238 22.78
96 2022 12 15 45419.20 38.419906 1814 58.93 6237 22.77
97 2022 12 15 45419.40 38.820377 1814 58.93 6237 22.77
98 2022 12 15 45419.80 39.220377 1814 58.93 6238 22.78
99 2022 12 15 45420.20 39.620377 1814 58.93 6237 22.77
100 2022 12 15 45420.00 39.620709 1814 58.93 6238 22.78
101 2022 12 15 45420.40 40.020709 1814 58.93 6238 22.78
102 2022 12 15 45420.80 40.420709 1814 58.93 6237 22.77
103 2022 12 15 45421.00 40.821019 1814 58.93 6238 22.78
104 2022 12 15 45421.40 41.221019 1814 58.93 6238 22.78
105 2022 12 15 45421.80 41.621019 1814 58.93 6237 22.77
106 2022 12 15 45422.20 42.021019 1814 58.93 6236 22.76
107 2022 12 15 45422.40 42.421387 1814 58.93 6237 22.77
108 2022 12 15 45422.80 42.821387 1814 58.93 6237 22.77
109 2022 12 15 45423.20 43.221387 1814 58.93 6237 22.77
110 2022 12 15 45424.40 43.621703 1814 58.93 6238 22.78
111 2022 12 15 45424.80 44.021703 1814 58.93 6237 22.77
112 2022 12 15 45425.20 44.421703 1814 58.93 6238 22.78
113 2022 12 15 45425.40 44.822134 1814 58.93 6238 22.78
114 2022 12 15 45425.80 45.222134 1814 58.93 6239 22.79
115 2022 12 15 45426.20 45.622134 1813 58.90 6238 22.78
116 2022 12 15 45426.40 46.022450 1813 58.90 6238 22.78
117 2022 12 15 45426.80 46.422450 1813 58.90 6239 22.79
118 2022 12 15 45427.20 46.822450 1813 58.90 6238 22.78
119 2022 12 15 45427.40 47.222768 1814 58.93 6238 22.78
120 2022 12 15 45427.80 47.622768 1813 58.90 6238 22.78
121 2022 12 15 45428.20 48.022768 1813 58.90 6238 22.78
122 2022 12 15 45428.00 48.023320 1813 58.90 6239 22.79
123 2022 12 15 45428.40 48.423320 1813 58.90 6238 22.78
124 2022 12 15 45428.80 48.823320 1814 58.93 6238 22.78
125 2022 12 15 45430.00 49.223919 1813 58.90 6238 22.78
126 2022 12 15 45430.40 49.623919 1813 58.90 6238 22.78
127 2022 12 15 45430.80 50.023919 1814 58.93 6238 22.78
128 2022 12 15 45431.20 50.423919 1813 58.90 6237 22.77
129 2022 12 15 45431.40 50.824597 1813 58.90 6239 22.79
130 2022 12 15 45431.80 51.224597 1813 58.90 6239 22.79
131 2022 12 15 45432.20 51.624597 1813 58.90 6240 22.80
132 2022 12 15 45432.40 52.025260 1813 58.90 6240 22.80
133 2022 12 15 45432.80 52.425260 1813 58.90 6239 22.79
134 2022 12 15 45433.20 52.825260 1813 58.90 6238 22.78
135 2022 12 15 45433.40 53.225900 1813 58.90 6238 22.78
136 2022 12 15 45433.80 53.625900 1813 58.90 6239 22.79
137 2022 12 15 45434.20 54.025900 1813 58.90 6238 22.78
138 2022 12 15 45434.40 54.426450 1813 58.90 6239 22.79
139 2022 12 15 45434.80 54.826450 1813 58.90 6239 22.79
140 2022 12 15 45435.20 55.226450 1813 58.90 6240 22.80
141 2022 12 15 45436.40 55.627092 1813 58.90 6240 22.80
142 2022 12 15 45436.80 56.027092 1813 58.90 6239 22.79
143 2022 12 15 45437.20 56.427092 1813 58.90 6239 22.79
144 2022 12 15 45437.00 56.427697 1813 58.90 6238 22.78
145 2022 12 15 45437.40 56.827697 1812 58.87 6239 22.79
146 2022 12 15 45437.80 57.227697 1813 58.90 6239 22.79
147 2022 12 15 45438.00 57.628269 1812 58.87 6240 22.80
148 2022 12 15 45438.40 58.028269 1813 58.90 6240 22.80
149 2022 12 15 45438.80 58.428269 1813 58.90 6239 22.79
150 2022 12 15 45439.20 58.828269 1813 58.90 6239 22.79
151 2022 12 15 45439.40 59.228959 1813 58.90 6239 22.79
152 2022 12 15 45439.80 59.628959 1813 58.90 6238 22.78
153 2022 12 15 45440.20 60.028959 1813 58.90 6240 22.80
154 2022 12 15 45440.40 60.429594 1813 58.90 6238 22.78
155 2022 12 15 45440.80 60.829594 1813 58.90 6238 22.78
156 2022 12 15 45441.20 61.229594 1813 58.90 6239 22.79
157 2022 12 15 45442.40 61.630183 1813 58.90 6238 22.78
158 2022 12 15 45442.80 62.030183 1813 58.90 6239 22.79
159 2022 12 15 45443.20 62.430183 1813 58.90 6239 22.79
160 2022 12 15 45443.40 62.830865 1813 58.90 6238 22.78
161 2022 12 15 45443.80 63.230865 1814 58.93 6238 22.78
162 2022 12 15 45444.20 63.630865 1813 58.90 6238 22.78
163 2022 12 15 45444.40 64.031147 1813 58.90 6238 22.78
164 2022 12 15 45444.80 64.431147 1813 58.90 6238 22.78
165 2022 12 15 45445.20 64.831147 1813 58.90 6238 22.78
166 2022 12 15 45445.00 64.831645 1813 58.90 6238 22.78
167 2022 12 15 45445.40 65.231645 1813 58.90 6238 22.78
168 2022 12 15 45445.80 65.631645 1813 58.90 6238 22.78
169 2022 12 15 45446.00 66.032127 1813 58.90 6238 22.78
170 2022 12 15 45446.40 66.432127 1813 58.90 6238 22.78
171 2022 12 15 45446.80 66.832127 1813 58.90 6238 22.78
172 2022 12 15 45447.20 67.232127 1813 58.90 6239 22.79
173 2022 12 15 45448.40 67.632684 1813 58.90 6236 22.76
174 2022 12 15 45448.80 68.032684 1814 58.93 6237 22.77
175 2022 12 15 45449.20 68.432684 1813 58.90 6237 22.77
176 2022 12 15 45449.40 68.833210 1813 58.90 6237 22.77
177 2022 12 15 45449.80 69.233210 1814 58.93 6236 22.76
178 2022 12 15 45450.20 69.633210 1813 58.90 6237 22.77
179 2022 12 15 45450.40 70.033774 1814 58.93 6236 22.76
180 2022 12 15 45450.80 70.433774 1814 58.93 6238 22.78
181 2022 12 15 45451.20 70.833774 1814 58.93 6238 22.78
182 2022 12 15 45451.40 71.234270 1813 58.90 6236 22.76
183 2022 12 15 45451.80 71.634270 1814 58.93 6237 22.77
184 2022 12 15 45452.20 72.034270 1814 58.93 6237 22.77
185 2022 12 15 45452.40 72.434490 1814 58.93 6236 22.76
186 2022 12 15 45452.80 72.834490 1814 58.93 6237 22.77
187 2022 12 15 45453.20 73.234490 1814 58.93 6237 22.77
188 2022 12 15 45454.00 73.234928 1814 58.93 6238 22.78
189 2022 12 15 45454.40 73.634928 1814 58.93 6237 22.77
190 2022 12 15 45454.80 74.034928 1814 58.93 6236 22.76
191 2022 12 15 45455.00 74.435424 1814 58.93 6237 22.77
192 2022 12 15 45455.40 74.835424 1814 58.93 6238 22.78
193 2022 12 15 45455.80 75.235424 1814 58.93 6237 22.77
194 2022 12 15 45456.20 75.635424 1814 58.93 6237 22.77
195 2022 12 15 45456.40 76.035772 1814 58.93 6237 22.77
196 2022 12 15 45456.80 76.435772 1814 58.93 6238 22.78
197 2022 12 15 45457.20 76.835772 1814 58.93 6236 22.76
198 2022 12 15 45457.40 77.236103 1814 58.93 6237 22.77
199 2022 12 15 45457.80 77.636103 1814 58.93 6238 22.78
200 2022 12 15 45458.20 78.036103 1814 58.93 6238 22.78
201 2022 12 15 45458.40 78.436693 1814 58.93 6236 22.76
202 2022 12 15 45458.80 78.836693 1814 58.93 6237 22.77
203 2022 12 15 45459.20 79.236693 1814 58.93 6237 22.77
204 2022 12 15 45460.40 79.637209 1814 58.93 6237 22.77
205 2022 12 15 45460.80 80.037209 1814 58.93 6236 22.76
206 2022 12 15 45461.20 80.437209 1814 58.93 6237 22.77
207 2022 12 15 45461.40 80.837816 1814 58.93 6237 22.77
208 2022 12 15 45461.80 81.237816 1815 58.96 6237 22.77
209 2022 12 15 45462.20 81.637816 1814 58.93 6237 22.77
210 2022 12 15 45462.40 82.038424 1814 58.93 6237 22.77
211 2022 12 15 45462.80 82.438424 1814 58.93 6236 22.76
212 2022 12 15 45463.20 82.838424 1814 58.93 6237 22.77
213 2022 12 15 45463.00 82.838906 1814 58.93 6237 22.77
214 2022 12 15 45463.40 83.238906 1815 58.96 6236 22.76
215 2022 12 15 45463.80 83.638906 1815 58.96 6235 22.75
216 2022 12 15 45464.00 84.039405 1815 58.96 6237 22.77
217 2022 12 15 45464.40 84.439405 1814 58.93 6237 22.77
218 2022 12 15 45464.80 84.839405 1814 58.93 6237 22.77
219 2022 12 15 45465.20 85.239405 1815 58.96 6237 22.77
220 2022 12 15 45466.40 85.639776 1815 58.96 6237 22.77
221 2022 12 15 45466.80 86.039776 1815 58.96 6236 22.76
222 2022 12 15 45467.20 86.439776 1815 58.96 6236 22.76
223 2022 12 15 45467.40 86.840379 1815 58.96 6237 22.77
224 2022 12 15 45467.80 87.240379 1814 58.93 6236 22.76
225 2022 12 15 45468.20 87.640379 1815 58.96 6237 22.77
226 2022 12 15 45468.40 88.040885 1815 58.96 6237 22.77
227 2022 12 15 45468.80 88.440885 1815 58.96 6237 22.77
228 2022 12 15 45469.20 88.840885 1815 58.96 6237 22.77
229 2022 12 15 45469.40 89.241253 1815 58.96 6237 22.77
230 2022 12 15 45469.80 89.641253 1815 58.96 6238 22.78
231 2022 12 15 45470.20 90.041253 1815 58.96 6237 22.77
232 2022 12 15 45470.40 90.441849 1815 58.96 6236 22.76
233 2022 12 15 45470.80 90.841849 1815 58.96 6237 22.77
234 2022 12 15 45471.20 91.241849 1815 58.96 6237 22.77
235 2022 12 15 45472.00 91.242443 1815 58.96 6236 22.76
236 2022 12 15 45472.40 91.642443 1815 58.96 6237 22.77
237 2022 12 15 45472.80 92.042443 1815 58.96 6237 22.77
238 2022 12 15 45473.00 92.442975 1815 58.96 6237 22.77
239 2022 12 15 45473.40 92.842975 1815 58.96 6237 22.77
240 2022 12 15 45473.80 93.242975 1815 58.96 6236 22.76
241 2022 12 15 45474.20 93.642975 1816 58.99 6236 22.76
242 2022 12 15 45474.40 94.043608 1815 58.96 6237 22.77
243 2022 12 15 45474.80 94.443608 1816 58.99 6237 22.77
244 2022 12 15 45475.20 94.843608 1816 58.99 6237 22.77
245 2022 12 15 45475.40 95.244263 1816 58.99 6236 22.76
246 2022 12 15 45475.80 95.644263 1816 58.99 6237 22.77
247 2022 12 15 45476.20 96.044263 1815 58.96 6236 22.76
248 2022 12 15 45476.40 96.444880 1816 58.99 6236 22.76
249 2022 12 15 45476.80 96.844880 1815 58.96 6236 22.76
250 2022 12 15 45477.20 97.244880 1816 58.99 6236 22.76
251 2022 12 15 45478.40 97.645448 1816 58.99 6236 22.76
252 2022 12 15 45478.80 98.045448 1816 58.99 6236 22.76
253 2022 12 15 45479.20 98.445448 1816 58.99 6237 22.77
254 2022 12 15 45479.40 98.845753 1816 58.99 6236 22.76
255 2022 12 15 45479.80 99.245753 1816 58.99 6236 22.76
256 2022 12 15 45480.20 99.645753 1816 58.99 6236 22.76
257 2022 12 15 45480.00 99.646036 1815 58.96 6236 22.76
258 2022 12 15 45480.40 100.046036 1815 58.96 6235 22.75
259 2022 12 15 45480.80 100.446036 1815 58.96 6237 22.77
260 2022 12 15 45481.00 100.846311 1815 58.96 6236 22.76
261 2022 12 15 45481.40 101.246311 1815 58.96 6236 22.76
262 2022 12 15 45481.80 101.646311 1815 58.96 6236 22.76
263 2022 12 15 45482.20 102.046311 1815 58.96 6236 22.76
264 2022 12 15 45482.40 102.446644 1815 58.96 6235 22.75
265 2022 12 15 45482.80 102.846644 1816 58.99 6235 22.75
266 2022 12 15 45483.20 103.246644 1815 58.96 6235 22.75
267 2022 12 15 45484.40 103.646961 1815 58.96 6236 22.76
268 2022 12 15 45484.80 104.046961 1815 58.96 6236 22.76
269 2022 12 15 45485.20 104.446961 1816 58.99 6236 22.76
270 2022 12 15 45485.40 104.847282 1815 58.96 6236 22.76
271 2022 12 15 45485.80 105.247282 1816 58.99 6236 22.76
272 2022 12 15 45486.20 105.647282 1815 58.96 6236 22.76
273 2022 12 15 45486.40 106.047831 1816 58.99 6236 22.76
274 2022 12 15 45486.80 106.447831 1815 58.96 6236 22.76
275 2022 12 15 45487.20 106.847831 1816 58.99 6236 22.76
276 2022 12 15 45487.40 107.248128 1816 58.99 6236 22.76
277 2022 12 15 45487.80 107.648128 1816 58.99 6236 22.76
278 2022 12 15 45488.20 108.048128 1816 58.99 6236 22.76
279 2022 12 15 45488.00 108.048368 1816 58.99 6236 22.76
280 2022 12 15 45488.40 108.448368 1816 58.99 6235 22.75
281 2022 12 15 45488.80 108.848368 1816 58.99 6235 22.75
282 2022 12 15 45490.00 109.248657 1816 58.99 6235 22.75
283 2022 12 15 45490.40 109.648657 1816 58.99 6235 22.75
284 2022 12 15 45490.80 110.048657 1816 58.99 6235 22.75
285 2022 12 15 45491.20 110.448657 1816 58.99 6235 22.75
286 2022 12 15 45491.40 110.849013 1816 58.99 6236 22.76
287 2022 12 15 45491.80 111.249013 1816 58.99 6236 22.76
288 2022 12 15 45492.20 111.649013 1816 58.99 6236 22.76
289 2022 12 15 45492.40 112.049606 1816 58.99 6236 22.76
290 2022 12 15 45492.80 112.449606 1816 58.99 6235 22.75
291 2022 12 15 45493.20 112.849606 1816 58.99 6236 22.76
292 2022 12 15 45493.40 113.250193 1816 58.99 6236 22.76
293 2022 12 15 45493.80 113.650193 1816 58.99 6235 22.75
294 2022 12 15 45494.20 114.050193 1816 58.99 6236 22.76
295 2022 12 15 45494.40 114.450863 1817 59.02 6234 22.74
296 2022 12 15 45494.80 114.850863 1816 58.99 6235 22.75
297 2022 12 15 45495.20 115.250863 1816 58.99 6234 22.74
298 2022 12 15 45496.40 115.651444 1816 58.99 6236 22.76
299 2022 12 15 45496.80 116.051444 1816 58.99 6236 22.76
300 2022 12 15 45497.20 116.451444 1816 58.99 6235 22.75
301 2022 12 15 45497.00 116.452084 1816 58.99 6235 22.75
302 2022 12 15 45497.40 116.852084 1816 58.99 6236 22.76
303 2022 12 15 45497.80 117.252084 1816 58.99 6235 22.75
304 2022 12 15 45498.00 117.652634 1816 58.99 6234 22.74
305 2022 12 15 45498.40 118.052634 1816 58.99 6236 22.76
306 2022 12 15 45498.80 118.452634 1816 58.99 6235 22.75
307 2022 12 15 45499.20 118.852634 1816 58.99 6235 22.75
308 2022 12 15 45499.40 119.253264 1817 59.02 6235 22.75
309 2022 12 15 45499.80 119.653264 1816 58.99 6234 22.74
310 2022 12 15 45500.20 120.053264 1817 59.02 6234 22.74
311 2022 12 15 45500.40 120.453882 1816 58.99 6236 22.76
312 2022 12 15 45500.80 120.853882 1816 58.99 6235 22.75
313 2022 12 15 45501.20 121.253882 1816 58.99 6234 22.74
314 2022 12 15 45502.40 121.654387 1816 58.99 6234 22.74
315 2022 12 15 45502.80 122.054387 1816 58.99 6234 22.74
316 2022 12 15 45503.20 122.454387 1816 58.99 6234 22.74
317 2022 12 15 45503.40 122.854652 1816 58.99 6234 22.74
318 2022 12 15 45503.80 123.254652 1816 58.99 6235 22.75
319 2022 12 15 45504.20 123.654652 1816 58.99 6235 22.75
320 2022 12 15 45504.40 124.055041 1816 58.99 6234 22.74
321 2022 12 15 45504.80 124.455041 1816 58.99 6235 22.75
322 2022 12 15 45505.20 124.855041 1817 59.02 6235 22.75
323 2022 12 15 45505.00 124.855570 1817 59.02 6236 22.76
324 2022 12 15 45505.40 125.255570 1817 59.02 6235 22.75
325 2022 12 15 45505.80 125.655570 1816 58.99 6236 22.76
326 2022 12 15 45506.00 126.056061 1817 59.02 6234 22.74
327 2022 12 15 45506.40 126.456061 1817 59.02 6235 22.75
328 2022 12 15 45506.80 126.856061 1816 58.99 6235 22.75
329 2022 12 15 45507.20 127.256061 1817 59.02 6236 22.76
330 2022 12 15 45508.40 127.656549 1816 58.99 6235 22.75
331 2022 12 15 45508.80 128.056549 1816 58.99 6234 22.74
332 2022 12 15 45509.20 128.456549 1816 58.99 6235 22.75
333 2022 12 15 45509.40 128.857033 1816 58.99 6236 22.76
334 2022 12 15 45509.80 129.257033 1816 58.99 6234 22.74
335 2022 12 15 45510.20 129.657033 1816 58.99 6236 22.76
336 2022 12 15 45510.40 130.057578 1816 58.99 6235 22.75
337 2022 12 15 45510.80 130.457578 1817 59.02 6236 22.76
338 2022 12 15 45511.20 130.857578 1816 58.99 6236 22.76
339 2022 12 15 45511.40 131.258024 1816 58.99 6235 22.75
340 2022 12 15 45511.80 131.658024 1816 58.99 6235 22.75
341 2022 12 15 45512.20 132.058024 1816 58.99 6236 22.76
342 2022 12 15 45512.40 132.458591 1816 58.99 6235 22.75
343 2022 12 15 45512.80 132.858591 1816 58.99 6236 22.76
344 2022 12 15 45513.20 133.258591 1817 59.02 6235 22.75
345 2022 12 15 45514.00 133.259147 1816 58.99 6236 22.76
346 2022 12 15 45514.40 133.659147 1816 58.99 6236 22.76
347 2022 12 15 45514.80 134.059147 1816 58.99 6235 22.75
348 2022 12 15 45515.00 134.459601 1816 58.99 6236 22.76
349 2022 12 15 45515.40 134.859601 1816 58.99 6236 22.76
350 2022 12 15 45515.80 135.259601 1816 58.99 6236 22.76
351 2022 12 15 45516.20 135.659601 1817 59.02 6235 22.75
352 2022 12 15 45516.40 136.060207 1816 58.99 6236 22.76
353 2022 12 15 45516.80 136.460207 1816 58.99 6235 22.75
354 2022 12 15 45517.20 136.860207 1816 58.99 6236 22.76
355 2022 12 15 45517.40 137.260813 1816 58.99 6236 22.76
356 2022 12 15 45517.80 137.660813 1816 58.99 6236 22.76
357 2022 12 15 45518.20 138.060813 1816 58.99 6236 22.76
358 2022 12 15 45518.40 138.461134 1816 58.99 6236 22.76
359 2022 12 15 45518.80 138.861134 1816 58.99 6235 22.75
360 2022 12 15 45519.20 139.261134 1816 58.99 6236 22.76
361 2022 12 15 45520.40 139.661537 1816 58.99 6235 22.75
362 2022 12 15 45520.80 140.061537 1816 58.99 6236 22.76
363 2022 12 15 45521.20 140.461537 1816 58.99 6236 22.76
364 2022 12 15 45521.40 140.861965 1816 58.99 6236 22.76
365 2022 12 15 45521.80 141.261965 1816 58.99 6235 22.75
366 2022 12 15 45522.20 141.661965 1816 58.99 6236 22.76
367 2022 12 15 45522.00 141.662300 1816 58.99 6237 22.77
368 2022 12 15 45522.40 142.062300 1816 58.99 6236 22.76
369 2022 12 15 45522.80 142.462300 1816 58.99 6236 22.76
370 2022 12 15 45523.00 142.862804 1816 58.99 6236 22.76
371 2022 12 15 45523.40 143.262804 1816 58.99 6236 22.76
372 2022 12 15 45523.80 143.662804 1816 58.99 6236 22.76
373 2022 12 15 45524.20 144.062804 1816 58.99 6237 22.77
374 2022 12 15 45524.40 144.463301 1816 58.99 6236 22.76
375 2022 12 15 45524.80 144.863301 1816 58.99 6236 22.76
376 2022 12 15 45525.20 145.263301 1816 58.99 6237 22.77
377 2022 12 15 45526.40 145.663850 1816 58.99 6236 22.76
378 2022 12 15 45526.80 146.063850 1816 58.99 6236 22.76
379 2022 12 15 45527.20 146.463850 1815 58.96 6235 22.75
380 2022 12 15 45527.40 146.864416 1816 58.99 6235 22.75
381 2022 12 15 45527.80 147.264416 1816 58.99 6236 22.76
382 2022 12 15 45528.20 147.664416 1816 58.99 6236 22.76
383 2022 12 15 45528.40 148.064943 1815 58.96 6236 22.76
384 2022 12 15 45528.80 148.464943 1816 58.99 6235 22.75
385 2022 12 15 45529.20 148.864943 1815 58.96 6236 22.76
386 2022 12 15 45529.40 149.265199 1815 58.96 6236 22.76
387 2022 12 15 45529.80 149.665199 1816 58.99 6237 22.77
388 2022 12 15 45530.20 150.065199 1816 58.99 6237 22.77
389 2022 12 15 45530.00 150.065658 1816 58.99 6237 22.77
390 2022 12 15 45530.40 150.465658 1816 58.99 6237 22.77
391 2022 12 15 45530.80 150.865658 1815 58.96 6236 22.76
392 2022 12 15 45532.00 151.265929 1816 58.99 6236 22.76
393 2022 12 15 45532.40 151.665929 1815 58.96 6236 22.76
394 2022 12 15 45532.80 152.065929 1816 58.99 6236 22.76
395 2022 12 15 45533.20 152.465929 1815 58.96 6236 22.76
396 2022 12 15 45533.40 152.866527 1816 58.99 6236 22.76
397 2022 12 15 45533.80 153.266527 1815 58.96 6236 22.76
398 2022 12 15 45534.20 153.666527 1815 58.96 6236 22.76
399 2022 12 15 45534.40 154.067135 1816 58.99 6236 22.76
400 2022 12 15 45534.80 154.467135 1816 58.99 6236 22.76
401 2022 12 15 45535.20 154.867135 1815 58.96 6236 22.76
402 2022 12 15 45535.40 155.267423 1815 58.96 6236 22.76
403 2022 12 15 45535.80 155.667423 1815 58.96 6236 22.76
404 2022 12 15 45536.20 156.067423 1815 58.96 6236 22.76
405 2022 12 15 45536.40 156.468030 1815 58.96 6236 22.76
406 2022 12 15 45536.80 156.868030 1815 58.96 6236 22.76
407 2022 12 15 45537.20 157.268030 1815 58.96 6236 22.76
408 2022 12 15 45538.40 157.668545 1815 58.96 6236 22.76
409 2022 12 15 45538.80 158.068545 1815 58.96 6236 22.76
410 2022 12 15 45539.20 158.468545 1815 58.96 6236 22.76
411 2022 12 15 45539.00 158.469147 1816 58.99 6236 22.76
412 2022 12 15 45539.40 158.869147 1815 58.96 6236 22.76
413 2022 12 15 45539.80 159.269147 1815 58.96 6237 22.77
414 2022 12 15 45540.00 159.669443 1815 58.96 6236 22.76
415 2022 12 15 45540.40 160.069443 1815 58.96 6236 22.76
416 2022 12 15 45540.80 160.469443 1815 58.96 6236 22.76
417 2022 12 15 45541.20 160.869443 1815 58.96 6236 22.76
418 2022 12 15 45541.40 161.269778 1815 58.96 6236 22.76
419 2022 12 15 45541.80 161.669778 1815 58.96 6237 22.77
420 2022 12 15 45542.20 162.069778 1815 58.96 6236 22.76
421 2022 12 15 45542.40 162.470099 1815 58.96 6236 22.76
422 2022 12 15 45542.80 162.870099 1816 58.99 6236 22.76
423 2022 12 15 45543.20 163.270099 1815 58.96 6236 22.76
424 2022 12 15 45544.40 163.670439 1815 58.96 6237 22.77
425 2022 12 15 45544.80 164.070439 1815 58.96 6237 22.77
426 2022 12 15 45545.20 164.470439 1815 58.96 6236 22.76
427 2022 12 15 45545.40 164.870790 1815 58.96 6237 22.77
428 2022 12 15 45545.80 165.270790 1815 58.96 6238 22.78
429 2022 12 15 45546.20 165.670790 1815 58.96 6236 22.76
430 2022 12 15 45546.40 166.071497 1815 58.96 6238 22.78
431 2022 12 15 45546.80 166.471497 1815 58.96 6237 22.77
432 2022 12 15 45547.20 166.871497 1815 58.96 6237 22.77
433 2022 12 15 45547.00 166.872138 1815 58.96 6237 22.77
434 2022 12 15 45547.40 167.272138 1815 58.96 6237 22.77
435 2022 12 15 45547.80 167.672138 1815 58.96 6238 22.78
436 2022 12 15 45548.00 168.072845 1815 58.96 6238 22.78
437 2022 12 15 45548.40 168.472845 1815 58.96 6237 22.77
438 2022 12 15 45548.80 168.872845 1815 58.96 6238 22.78
439 2022 12 15 45549.20 169.272845 1815 58.96 6238 22.78
440 2022 12 15 45550.40 169.673385 1815 58.96 6238 22.78
441 2022 12 15 45550.80 170.073385 1815 58.96 6237 22.77
442 2022 12 15 45551.20 170.473385 1815 58.96 6236 22.76
443 2022 12 15 45551.40 170.873818 1815 58.96 6238 22.78
444 2022 12 15 45551.80 171.273818 1815 58.96 6238 22.78
445 2022 12 15 45552.20 171.673818 1814 58.93 6236 22.76
446 2022 12 15 45552.40 172.074093 1815 58.96 6238 22.78
447 2022 12 15 45552.80 172.474093 1815 58.96 6236 22.76
448 2022 12 15 45553.20 172.874093 1814 58.93 6237 22.77
449 2022 12 15 45553.40 173.274787 1814 58.93 6238 22.78
450 2022 12 15 45553.80 173.674787 1814 58.93 6239 22.79
451 2022 12 15 45554.20 174.074787 1814 58.93 6238 22.78
452 2022 12 15 45554.40 174.475345 1814 58.93 6238 22.78
453 2022 12 15 45554.80 174.875345 1814 58.93 6238 22.78
454 2022 12 15 45555.20 175.275345 1814 58.93 6238 22.78
455 2022 12 15 45556.40 175.675826 1814 58.93 6237 22.77
456 2022 12 15 45556.80 176.075826 1814 58.93 6238 22.78
457 2022 12 15 45557.20 176.475826 1814 58.93 6238 22.78
458 2022 12 15 45557.00 176.476318 1814 58.93 6238 22.78
459 2022 12 15 45557.40 176.876318 1814 58.93 6239 22.79
460 2022 12 15 45557.80 177.276318 1814 58.93 6238 22.78
461 2022 12 15 45558.20 177.676318 1814 58.93 6238 22.78
462 2022 12 15 45558.40 178.076793 1814 58.93 6238 22.78
463 2022 12 15 45558.80 178.476793 1814 58.93 6239 22.79
464 2022 12 15 45559.20 178.876793 1814 58.93 6239 22.79
465 2022 12 15 45559.40 179.277266 1814 58.93 6239 22.79
466 2022 12 15 45559.80 179.677266 1813 58.90 6238 22.78
467 2022 12 15 45560.20 180.077266 1813 58.90 6238 22.78
468 2022 12 15 45560.40 180.477767 1814 58.93 6238 22.78
469 2022 12 15 45560.80 180.877767 1814 58.93 6239 22.79
470 2022 12 15 45561.20 181.277767 1814 58.93 6238 22.78
471 2022 12 15 45562.40 181.678073 1814 58.93 6239 22.79
472 2022 12 15 45562.80 182.078073 1814 58.93 6239 22.79
473 2022 12 15 45563.20 182.478073 1814 58.93 6239 22.79
474 2022 12 15 45563.40 182.878352 1813 58.90 6239 22.79
475 2022 12 15 45563.80 183.278352 1813 58.90 6239 22.79
476 2022 12 15 45564.20 183.678352 1814 58.93 6239 22.79
477 2022 12 15 45564.00 183.678631 1814 58.93 6240 22.80
478 2022 12 15 45564.40 184.078631 1814 58.94 6239 22.79
479 2022 12 15 45564.80 184.478631 1814 58.93 6239 22.79
480 2022 12 15 45565.00 184.878929 1814 58.93 6238 22.78
481 2022 12 15 45565.40 185.278929 1814 58.93 6238 22.78
482 2022 12 15 45565.80 185.678929 1813 58.90 6239 22.79
483 2022 12 15 45566.20 186.078929 1813 58.90 6240 22.80
484 2022 12 15 45566.40 186.479316 1813 58.90 6239 22.79
485 2022 12 15 45566.80 186.879316 1813 58.90 6240 22.80
486 2022 12 15 45567.20 187.279316 1813 58.90 6239 22.79
487 2022 12 15 45568.40 187.679636 1813 58.90 6240 22.80
488 2022 12 15 45568.80 188.079636 1813 58.90 6240 22.80
489 2022 12 15 45569.20 188.479636 1813 58.90 6240 22.80
490 2022 12 15 45569.40 188.880242 1813 58.90 6240 22.80
491 2022 12 15 45569.80 189.280242 1813 58.90 6240 22.80
492 2022 12 15 45570.20 189.680242 1814 58.94 6240 22.80
493 2022 12 15 45570.40 190.080787 1813 58.90 6240 22.80
494 2022 12 15 45570.80 190.480787 1813 58.90 6240 22.80
495 2022 12 15 45571.20 190.880787 1813 58.90 6239 22.79
496 2022 12 15 45571.40 191.281118 1813 58.90 6240 22.80
497 2022 12 15 45571.80 191.681118 1813 58.90 6240 22.80
498 2022 12 15 45572.20 192.081118 1813 58.90 6239 22.79
499 2022 12 15 45572.40 192.481669 1813 58.90 6240 22.80
500 2022 12 15 45572.80 192.881669 1812 58.87 6239 22.79
501 2022 12 15 45573.20 193.281669 1813 58.90 6239 22.79
502 2022 12 15 45574.00 193.281979 1813 58.90 6239 22.79
503 2022 12 15 45574.40 193.681979 1813 58.90 6239 22.79
504 2022 12 15 45574.80 194.081979 1813 58.90 6239 22.79
505 2022 12 15 45575.00 194.482515 1813 58.90 6239 22.79
506 2022 12 15 45575.40 194.882515 1813 58.90 6239 22.79
507 2022 12 15 45575.80 195.282515 1813 58.90 6239 22.79
508 2022 12 15 45576.20 195.682515 1812 58.87 6239 22.79
509 2022 12 15 45576.40 196.083086 1812 58.87 6238 22.78
510 2022 12 15 45576.80 196.483086 1812 58.87 6239 22.79
511 2022 12 15 45577.20 196.883086 1812 58.87 6239 22.79
512 2022 12 15 45577.40 197.283762 1813 58.90 6240 22.80
513 2022 12 15 45577.80 197.683762 1813 58.90 6239 22.79
514 2022 12 15 45578.20 198.083762 1812 58.87 6239 22.79
515 2022 12 15 45578.40 198.484094 1812 58.87 6239 22.79
516 2022 12 15 45578.80 198.884094 1812 58.87 6238 22.78
517 2022 12 15 45579.20 199.284094 1813 58.90 6239 22.79
518 2022 12 15 45580.40 199.684582 1813 58.90 6239 22.79
519 2022 12 15 45580.80 200.084582 1813 58.90 6240 22.80
520 2022 12 15 45581.20 200.484582 1813 58.90 6240 22.80
521 2022 12 15 45581.40 200.884861 1813 58.90 6239 22.79
522 2022 12 15 45581.80 201.284861 1813 58.90 6239 22.79
523 2022 12 15 45582.20 201.684861 1813 58.90 6239 22.79
524 2022 12 15 45582.00 201.685440 1813 58.90 6240 22.80
525 2022 12 15 45582.40 202.085440 1812 58.87 6238 22.78
526 2022 12 15 45582.80 202.485440 1813 58.90 6239 22.79
527 2022 12 15 45583.00 202.886101 1813 58.90 6238 22.78
528 2022 12 15 45583.40 203.286101 1813 58.90 6238 22.78
529 2022 12 15 45583.80 203.686101 1813 58.90 6238 22.78
530 2022 12 15 45584.20 204.086101 1813 58.90 6239 22.79
531 2022 12 15 45584.40 204.486803 1813 58.90 6239 22.79
532 2022 12 15 45584.80 204.886803 1813 58.90 6240 22.80
533 2022 12 15 45585.20 205.286803 1813 58.90 6239 22.79
534 2022 12 15 45586.40 205.687343 1813 58.90 6240 22.80
535 2022 12 15 45586.80 206.087343 1814 58.94 6238 22.78
536 2022 12 15 45587.20 206.487343 1814 58.93 6239 22.79
537 2022 12 15 45587.40 206.888014 1813 58.90 6239 22.79
538 2022 12 15 45587.80 207.288014 1814 58.93 6238 22.78
539 2022 12 15 45588.20 207.688014 1813 58.90 6239 22.79
540 2022 12 15 45588.40 208.088488 1813 58.90 6238 22.78
541 2022 12 15 45588.80 208.488488 1814 58.93 6238 22.78
542 2022 12 15 45589.20 208.888488 1813 58.90 6239 22.79
543 2022 12 15 45589.40 209.289119 1813 58.90 6239 22.79
544 2022 12 15 45589.80 209.689119 1813 58.90 6238 22.78
545 2022 12 15 45590.20 210.089119 1813 58.90 6238 22.78
546 2022 12 15 45590.00 210.089772 1814 58.93 6239 22.79
547 2022 12 15 45590.40 210.489772 1813 58.90 6238 22.78
548 2022 12 15 45590.80 210.889772 1814 58.93 6238 22.78
549 2022 12 15 45592.00 211.290459 1814 58.93 6237 22.77
550 2022 12 15 45592.40 211.690459 1814 58.93 6238 22.78
551 2022 12 15 45592.80 212.090459 1814 58.93 6238 22.78
552 2022 12 15 45593.20 212.490459 1813 58.90 6237 22.77
553 2022 12 15 45593.40 212.891093 1814 58.93 6238 22.78
554 2022 12 15 45593.80 213.291093 1814 58.93 6238 22.78
555 2022 12 15 45594.20 213.691093 1814 58.93 6237 22.77
556 2022 12 15 45594.40 214.091395 1814 58.93 6237 22.77
557 2022 12 15 45594.80 214.491395 1814 58.93 6238 22.78
558 2022 12 15 45595.20 214.891395 1814 58.93 6238 22.78
559 2022 12 15 45595.40 215.291831 1815 58.96 6237 22.77
560 2022 12 15 45595.80 215.691831 1814 58.93 6238 22.78
561 2022 12 15 45596.20 216.091831 1814 58.93 6238 22.78
562 2022 12 15 45596.40 216.492154 1815 58.96 6238 22.78
563 2022 12 15 45596.80 216.892154 1814 58.93 6237 22.77
564 2022 12 15 45597.20 217.292154 1814 58.93 6237 22.77
565 2022 12 15 45598.40 217.692484 1814 58.93 6237 22.77
566 2022 12 15 45598.80 218.092484 1814 58.93 6237 22.77
567 2022 12 15 45599.20 218.492484 1814 58.93 6238 22.78
568 2022 12 15 45599.00 218.492792 1814 58.93 6236 22.76
569 2022 12 15 45599.40 218.892792 1815 58.96 6238 22.78
570 2022 12 15 45599.80 219.292792 1815 58.96 6238 22.78
571 2022 12 15 45600.00 219.693086 1815 58.96 6238 22.78
572 2022 12 15 45600.40 220.093086 1815 58.96 6238 22.78
573 2022 12 15 45600.80 220.493086 1814 58.93 6238 22.78
574 2022 12 15 45601.20 220.893086 1815 58.96 6238 22.78
575 2022 12 15 45601.40 221.293309 1814 58.93 6237 22.77
576 2022 12 15 45601.80 221.693309 1815 58.96 6237 22.77
577 2022 12 15 45602.20 222.093309 1814 58.93 6238 22.78
578 2022 12 15 45602.40 222.494064 1815 58.96 6238 22.78
579 2022 12 15 45602.80 222.894064 1815 58.96 6237 22.77
580 2022 12 15 45603.20 223.294064 1815 58.96 6238 22.78
581 2022 12 15 45604.40 223.694405 1815 58.96 6238 22.78
582 2022 12 15 45604.80 224.094405 1815 58.96 6238 22.78
583 2022 12 15 45605.20 224.494405 1814 58.93 6237 22.77
584 2022 12 15 45605.40 224.894771 1814 58.93 6238 22.78
585 2022 12 15 45605.80 225.294771 1815 58.96 6238 22.78
586 2022 12 15 45606.20 225.694771 1815 58.96 6238 22.78
587 2022 12 15 45606.40 226.095317 1815 58.96 6238 22.78
588 2022 12 15 45606.80 226.495317 1815 58.96 6237 22.77
589 2022 12 15 45607.20 226.895317 1815 58.96 6236 22.76
590 2022 12 15 45607.00 226.895901 1815 58.96 6236 22.76
591 2022 12 15 45607.40 227.295901 1815 58.96 6237 22.77
592 2022 12 15 45607.80 227.695901 1814 58.93 6237 22.77
593 2022 12 15 45608.00 228.096204 1815 58.96 6238 22.78
594 2022 12 15 45608.40 228.496204 1815 58.96 6237 22.77
595 2022 12 15 45608.80 228.896204 1815 58.96 6238 22.78
596 2022 12 15 45609.20 229.296204 1815 58.96 6237 22.77
597 2022 12 15 45610.40 229.696692 1815 58.96 6239 22.79
598 2022 12 15 45610.80 230.096692 1815 58.96 6238 22.78
599 2022 12 15 45611.20 230.496692 1815 58.96 6238 22.78
600 2022 12 15 45611.40 230.897296 1815 58.96 6237 22.77
601 2022 12 15 45611.80 231.297296 1815 58.96 6238 22.78
602 2022 12 15 45612.20 231.697296 1815 58.96 6238 22.78
603 2022 12 15 45612.40 232.097598 1815 58.96 6238 22.78
604 2022 12 15 45612.80 232.497598 1815 58.96 6239 22.79
605 2022 12 15 45613.20 232.897598 1815 58.96 6238 22.78
606 2022 12 15 45613.40 233.298175 1815 58.96 6238 22.78
607 2022 12 15 45613.80 233.698175 1815 58.96 6238 22.78
608 2022 12 15 45614.20 234.098175 1815 58.96 6238 22.78
609 2022 12 15 45615.40 234.498820 1815 58.96 6237 22.77
610 2022 12 15 45615.80 234.898820 1815 58.96 6238 22.78
611 2022 12 15 45616.20 235.298820 1815 58.96 6238 22.78
612 2022 12 15 45616.00 235.299393 1815 58.96 6238 22.78
613 2022 12 15 45616.40 235.699393 1815 58.96 6237 22.77
614 2022 12 15 45616.80 236.099393 1815 58.96 6238 22.78
615 2022 12 15 45617.00 236.500021 1814 58.93 6238 22.78
616 2022 12 15 45617.40 236.900021 1815 58.96 6237 22.77
617 2022 12 15 45617.80 237.300021 1815 58.96 6238 22.78
618 2022 12 15 45618.20 237.700021 1815 58.96 6238 22.78
619 2022 12 15 45618.40 238.100528 1815 58.96 6238 22.78
620 2022 12 15 45618.80 238.500528 1814 58.93 6237 22.77
621 2022 12 15 45619.20 238.900528 1815 58.96 6238 22.78
622 2022 12 15 45619.40 239.300887 1815 58.96 6237 22.77
623 2022 12 15 45619.80 239.700887 1815 58.96 6237 22.77
624 2022 12 15 45620.20 240.100887 1815 58.96 6238 22.78
625 2022 12 15 45621.40 240.501318 1814 58.93 6237 22.77
626 2022 12 15 45621.80 240.901318 1815 58.96 6237 22.77
627 2022 12 15 45622.20 241.301318 1814 58.93 6238 22.78
628 2022 12 15 45622.40 241.701532 1815 58.96 6236 22.76
629 2022 12 15 45622.80 242.101532 1815 58.96 6237 22.77
630 2022 12 15 45623.20 242.501532 1815 58.96 6237 22.77
631 2022 12 15 45623.40 242.901968 1814 58.93 6238 22.78
632 2022 12 15 45623.80 243.301968 1814 58.93 6238 22.78
633 2022 12 15 45624.20 243.701968 1815 58.96 6237 22.77
634 2022 12 15 45624.00 243.702501 1814 58.93 6237 22.77
635 2022 12 15 45624.40 244.102501 1815 58.96 6236 22.76
636 2022 12 15 45624.80 244.502501 1815 58.96 6237 22.77
637 2022 12 15 45625.00 244.903042 1814 58.93 6238 22.78
638 2022 12 15 45625.40 245.303042 1815 58.96 6237 22.77
639 2022 12 15 45625.80 245.703042 1814 58.93 6238 22.78
640 2022 12 15 45626.20 246.103042 1814 58.93 6238 22.78
641 2022 12 15 45627.40 246.503444 1814 58.93 6238 22.78
642 2022 12 15 45627.80 246.903444 1814 58.93 6237 22.77
643 2022 12 15 45628.20 247.303444 1815 58.96 6237 22.77
644 2022 12 15 45628.40 247.703931 1815 58.96 6238 22.78
645 2022 12 15 45628.80 248.103931 1814 58.93 6237 22.77
646 2022 12 15 45629.20 248.503931 1814 58.93 6237 22.77
647 2022 12 15 45629.40 248.904430 1815 58.96 6237 22.77
648 2022 12 15 45629.80 249.304430 1814 58.93 6238 22.78
649 2022 12 15 45630.20 249.704430 1814 58.93 6238 22.78
650 2022 12 15 45630.40 250.105058 1814 58.93 6238 22.78
651 2022 12 15 45630.80 250.505058 1814 58.93 6238 22.78
652 2022 12 15 45631.20 250.905058 1814 58.93 6237 22.77
653 2022 12 15 45631.40 251.305677 1814 58.93 6238 22.78
654 2022 12 15 45631.80 251.705677 1814 58.93 6237 22.77
655 2022 12 15 45632.20 252.105677 1814 58.93 6237 22.77
656 2022 12 15 45633.00 252.106007 1814 58.93 6238 22.78
657 2022 12 15 45633.40 252.506007 1814 58.93 6238 22.78
658 2022 12 15 45633.80 252.906007 1814 58.93 6238 22.78
659 2022 12 15 45634.00 253.306319 1814 58.93 6238 22.78
660 2022 12 15 45634.40 253.706319 1814 58.93 6239 22.79
661 2022 12 15 45634.80 254.106319 1814 58.93 6239 22.79
662 2022 12 15 45635.20 254.506319 1814 58.93 6238 22.78
663 2022 12 15 45635.40 254.906774 1814 58.93 6239 22.79
664 2022 12 15 45635.80 255.306774 1814 58.93 6238 22.78
665 2022 12 15 45636.20 255.706774 1814 58.93 6239 22.79
666 2022 12 15 45636.40 256.107263 1814 58.93 6238 22.78
667 2022 12 15 45636.80 256.507263 1814 58.93 6238 22.78
668 2022 12 15 45637.20 256.907263 1814 58.93 6238 22.78
669 2022 12 15 45637.40 257.307765 1814 58.93 6238 22.78
670 2022 12 15 45637.80 257.707765 1813 58.90 6237 22.77
671 2022 12 15 45638.20 258.107765 1813 58.90 6237 22.77
672 2022 12 15 45639.40 258.508026 1813 58.90 6239 22.79
673 2022 12 15 45639.80 258.908026 1814 58.93 6238 22.78
674 2022 12 15 45640.20 259.308026 1813 58.90 6238 22.78
675 2022 12 15 45640.40 259.708294 1814 58.93 6239 22.79
676 2022 12 15 45640.80 260.108294 1813 58.90 6238 22.78
677 2022 12 15 45641.20 260.508294 1813 58.90 6238 22.78
678 2022 12 15 45641.00 260.508615 1813 58.90 6239 22.79
679 2022 12 15 45641.40 260.908615 1813 58.90 6239 22.79
680 2022 12 15 45641.80 261.308615 1813 58.90 6239 22.79
681 2022 12 15 45642.00 261.708940 1813 58.90 6239 22.79
682 2022 12 15 45642.40 262.108940 1813 58.90 6238 22.78
683 2022 12 15 45642.80 262.508940 1812 58.87 6239 22.79
684 2022 12 15 45643.20 262.908940 1813 58.90 6238 22.78
685 2022 12 15 45643.40 263.309551 1813 58.90 6238 22.78
686 2022 12 15 45643.80 263.709551 1813 58.90 6239 22.79
687 2022 12 15 45644.20 264.109551 1813 58.90 6239 22.79
688 2022 12 15 45645.40 264.509993 1813 58.90 6238 22.78
689 2022 12 15 45645.80 264.909993 1813 58.90 6240 22.80
690 2022 12 15 45646.20 265.309993 1813 58.90 6238 22.78
691 2022 12 15 45646.40 265.710540 1813 58.90 6239 22.79
692 2022 12 15 45646.80 266.110540 1813 58.90 6239 22.79
693 2022 12 15 45647.20 266.510540 1813 58.90 6238 22.78
694 2022 12 15 45647.40 266.911073 1813 58.90 6239 22.79
695 2022 12 15 45647.80 267.311073 1813 58.90 6238 22.78
696 2022 12 15 45648.20 267.711073 1813 58.90 6239 22.79
697 2022 12 15 45648.40 268.111669 1813 58.90 6240 22.80
698 2022 12 15 45648.80 268.511669 1813 58.90 6239 22.79
699 2022 12 15 45649.20 268.911669 1813 58.90 6238 22.78
700 2022 12 15 45649.00 268.912283 1813 58.90 6238 22.78
701 2022 12 15 45649.40 269.312283 1813 58.90 6240 22.80
702 2022 12 15 45649.80 269.712283 1813 58.90 6239 22.79
703 2022 12 15 45651.00 270.112900 1813 58.90 6238 22.78
704 2022 12 15 45651.40 270.512900 1812 58.87 6239 22.79
705 2022 12 15 45651.80 270.912900 1813 58.90 6239 22.79
706 2022 12 15 45652.20 271.312900 1814 58.93 6238 22.78
707 2022 12 15 45652.40 271.713242 1813 58.90 6239 22.79
708 2022 12 15 45652.80 272.113242 1813 58.90 6240 22.80
709 2022 12 15 45653.20 272.513242 1813 58.90 6238 22.78
710 2022 12 15 45653.40 272.913488 1813 58.90 6239 22.79
711 2022 12 15 45653.80 273.313488 1813 58.90 6239 22.79
712 2022 12 15 45654.20 273.713488 1813 58.90 6238 22.78
713 2022 12 15 45654.40 274.113778 1814 58.93 6239 22.79
714 2022 12 15 45654.80 274.513778 1813 58.90 6237 22.77
715 2022 12 15 45655.20 274.913778 1814 58.93 6238 22.78
716 2022 12 15 45655.40 275.314074 1814 58.93 6238 22.78
717 2022 12 15 45655.80 275.714074 1814 58.93 6239 22.79
718 2022 12 15 45656.20 276.114074 1814 58.93 6239 22.79
719 2022 12 15 45657.40 276.514328 1814 58.93 6240 22.80
720 2022 12 15 45657.80 276.914328 1813 58.90 6239 22.79
721 2022 12 15 45658.20 277.314328 1814 58.93 6239 22.79
722 2022 12 15 45658.00 277.314570 1814 58.93 6238 22.78
723 2022 12 15 45658.40 277.714570 1814 58.93 6238 22.78
724 2022 12 15 45658.80 278.114570 1814 58.93 6239 22.79
725 2022 12 15 45659.00 278.515149 1814 58.93 6239 22.79
726 2022 12 15 45659.40 278.915149 1813 58.90 6238 22.78
727 2022 12 15 45659.80 279.315149 1814 58.93 6239 22.79
728 2022 12 15 45660.20 279.715149 1814 58.93 6239 22.79
729 2022 12 15 45660.40 280.115489 1814 58.93 6238 22.78
730 2022 12 15 45660.80 280.515489 1814 58.93 6236 22.76
731 2022 12 15 45661.20 280.915489 1814 58.93 6238 22.78
732 2022 12 15 45661.40 281.315778 1814 58.93 6238 22.78
733 2022 12 15 45661.80 281.715778 1815 58.96 6238 22.78
734 2022 12 15 45662.20 282.115778 1814 58.93 6238 22.78
735 2022 12 15 45663.40 282.516098 1814 58.93 6238 22.78
736 2022 12 15 45663.80 282.916098 1814 58.93 6238 22.78
737 2022 12 15 45664.20 283.316098 1815 58.96 6239 22.79
738 2022 12 15 45664.40 283.716430 1814 58.93 6238 22.78
739 2022 12 15 45664.80 284.116430 1814 58.93 6238 22.78
740 2022 12 15 45665.20 284.516430 1814 58.93 6238 22.78
741 2022 12 15 45665.40 284.916749 1814 58.93 6238 22.78
742 2022 12 15 45665.80 285.316749 1815 58.96 6239 22.79
743 2022 12 15 45666.20 285.716749 1815 58.96 6238 22.78
744 2022 12 15 45666.40 286.117364 1815 58.96 6239 22.79
745 2022 12 15 45666.80 286.517364 1815 58.96 6239 22.79
746 2022 12 15 45667.20 286.917364 1815 58.96 6240 22.80
747 2022 12 15 45667.00 286.918008 1815 58.97 6239 22.79
748 2022 12 15 45667.40 287.318008 1815 58.96 6238 22.78
749 2022 12 15 45667.80 287.718008 1815 58.96 6239 22.79
750 2022 12 15 45669.00 288.118717 1815 58.96 6239 22.79
751 2022 12 15 45669.40 288.518717 1815 58.96 6239 22.79
752 2022 12 15 45669.80 288.918717 1815 58.96 6240 22.80
753 2022 12 15 45670.20 289.318717 1815 58.97 6238 22.78
754 2022 12 15 45670.40 289.719449 1815 58.96 6238 22.78
755 2022 12 15 45670.80 290.119449 1815 58.96 6239 22.79
756 2022 12 15 45671.20 290.519449 1815 58.96 6239 22.79
757 2022 12 15 45671.40 290.920086 1815 58.96 6240 22.80
758 2022 12 15 45671.80 291.320086 1816 59.00 6238 22.78
759 2022 12 15 45672.20 291.720086 1815 58.96 6240 22.80
760 2022 12 15 45672.40 292.120554 1815 58.97 6238 22.78
761 2022 12 15 45672.80 292.520554 1816 58.99 6239 22.79
762 2022 12 15 45673.20 292.920554 1815 58.96 6239 22.79
763 2022 12 15 45673.40 293.321092 1815 58.96 6238 22.78
764 2022 12 15 45673.80 293.721092 1815 58.96 6238 22.78
765 2022 12 15 45674.20 294.121092 1816 58.99 6238 22.78
766 2022 12 15 45675.00 294.121377 1815 58.96 6239 22.79
767 2022 12 15 45675.40 294.521377 1815 58.96 6238 22.78
768 2022 12 15 45675.80 294.921377 1816 58.99 6239 22.79
769 2022 12 15 45676.00 295.321749 1815 58.96 6238 22.78
770 2022 12 15 45676.40 295.721749 1816 58.99 6238 22.78
771 2022 12 15 45676.80 296.121749 1816 58.99 6239 22.79
772 2022 12 15 45677.20 296.521749 1815 58.96 6238 22.78
773 2022 12 15 45677.40 296.922256 1816 58.99 6238 22.78
774 2022 12 15 45677.80 297.322256 1815 58.96 6237 22.77
775 2022 12 15 45678.20 297.722256 1815 58.96 6239 22.79
776 2022 12 15 45678.40 298.122698 1815 58.96 6238 22.78
777 2022 12 15 45678.80 298.522698 1815 58.96 6238 22.78
778 2022 12 15 45679.20 298.922698 1815 58.96 6238 22.78
779 2022 12 15 45679.40 299.323249 1815 58.96 6238 22.78
780 2022 12 15 45679.80 299.723249 1815 58.96 6238 22.78
781 2022 12 15 45680.20 300.123249 1815 58.96 6238 22.78
782 2022 12 15 45681.40 300.523473 1816 58.99 6237 22.77
783 2022 12 15 45681.80 300.923473 1816 58.99 6237 22.77
784 2022 12 15 45682.20 301.323473 1816 58.99 6238 22.78
785 2022 12 15 45682.40 301.724010 1816 58.99 6236 22.76
786 2022 12 15 45682.80 302.124010 1816 58.99 6237 22.77
787 2022 12 15 45683.20 302.524010 1816 58.99 6237 22.77
788 2022 12 15 45683.40 302.924562 1816 58.99 6237 22.77
789 2022 12 15 45683.80 303.324562 1815 58.96 6238 22.78
790 2022 12 15 45684.20 303.724562 1816 58.99 6238 22.78
791 2022 12 15 45684.00 303.725024 1815 58.96 6237 22.77
792 2022 12 15 45684.40 304.125024 1816 58.99 6238 22.78
793 2022 12 15 45684.80 304.525024 1815 58.96 6237 22.77
794 2022 12 15 45685.00 304.925535 1815 58.96 6237 22.77
795 2022 12 15 45685.40 305.325535 1816 58.99 6237 22.77
796 2022 12 15 45685.80 305.725535 1815 58.96 6237 22.77
797 2022 12 15 45686.20 306.125535 1815 58.96 6238 22.78
798 2022 12 15 45687.40 306.526184 1815 58.96 6237 22.77
799 2022 12 15 45687.80 306.926184 1815 58.96 6237 22.77
800 2022 12 15 45688.20 307.326184 1815 58.96 6237 22.77
801 2022 12 15 45688.40 307.726635 1816 58.99 6237 22.77
802 2022 12 15 45688.80 308.126635 1815 58.96 6237 22.77
803 2022 12 15 45689.20 308.526635 1815 58.96 6238 22.78
804 2022 12 15 45689.40 308.927160 1815 58.96 6238 22.78
805 2022 12 15 45689.80 309.327160 1815 58.96 6238 22.78
806 2022 12 15 45690.20 309.727160 1815 58.96 6238 22.78
807 2022 12 15 45690.40 310.127635 1815 58.96 6238 22.78
808 2022 12 15 45690.80 310.527635 1815 58.96 6237 22.77
809 2022 12 15 45691.20 310.927635 1815 58.96 6238 22.78
810 2022 12 15 45691.40 311.327911 1815 58.96 6238 22.78
811 2022 12 15 45691.80 311.727911 1815 58.96 6237 22.77
812 2022 12 15 45692.20 312.127911 1815 58.96 6238 22.78
813 2022 12 15 45693.00 312.128468 1815 58.96 6237 22.77
814 2022 12 15 45693.40 312.528468 1815 58.96 6237 22.77
815 2022 12 15 45693.80 312.928468 1815 58.96 6237 22.77
816 2022 12 15 45694.00 313.329012 1815 58.96 6238 22.78
817 2022 12 15 45694.40 313.729012 1815 58.96 6238 22.78
818 2022 12 15 45694.80 314.129012 1815 58.96 6238 22.78
819 2022 12 15 45695.20 314.529012 1816 58.99 6238 22.78
820 2022 12 15 45695.40 314.929459 1815 58.96 6238 22.78
821 2022 12 15 45695.80 315.329459 1815 58.96 6238 22.78
822 2022 12 15 45696.20 315.729459 1815 58.96 6238 22.78
823 2022 12 15 45696.40 316.130088 1815 58.96 6237 22.77
824 2022 12 15 45696.80 316.530088 1815 58.96 6238 22.78
825 2022 12 15 45697.20 316.930088 1815 58.96 6238 22.78
826 2022 12 15 45697.40 317.330749 1815 58.96 6238 22.78
827 2022 12 15 45697.80 317.730749 1815 58.96 6238 22.78
828 2022 12 15 45698.20 318.130749 1815 58.96 6237 22.77
829 2022 12 15 45699.40 318.531406 1815 58.96 6238 22.78
830 2022 12 15 45699.80 318.931406 1815 58.96 6237 22.77
831 2022 12 15 45700.20 319.331406 1814 58.93 6238 22.78
832 2022 12 15 45700.40 319.732076 1815 58.96 6237 22.77
833 2022 12 15 45700.80 320.132076 1815 58.96 6238 22.78
834 2022 12 15 45701.20 320.532076 1815 58.96 6238 22.78
835 2022 12 15 45701.00 320.532781 1815 58.96 6238 22.78
836 2022 12 15 45701.40 320.932781 1815 58.96 6237 22.77
837 2022 12 15 45701.80 321.332781 1815 58.96 6237 22.77
838 2022 12 15 45702.00 321.733268 1815 58.96 6238 22.78
839 2022 12 15 45702.40 322.133268 1815 58.96 6237 22.77
840 2022 12 15 45702.80 322.533268 1815 58.96 6238 22.78
841 2022 12 15 45703.20 322.933268 1815 58.96 6237 22.77
842 2022 12 15 45703.40 323.333979 1815 58.96 6237 22.77
843 2022 12 15 45703.80 323.733979 1814 58.93 6237 22.77
844 2022 12 15 45704.20 324.133979 1815 58.96 6237 22.77
845 2022 12 15 45705.40 324.534561 1815 58.96 6238 22.78
846 2022 12 15 45705.80 324.934561 1815 58.96 6237 22.77
847 2022 12 15 45706.20 325.334561 1815 58.96 6237 22.77
848 2022 12 15 45706.40 325.735259 1815 58.96 6238 22.78
849 2022 12 15 45706.80 326.135259 1815 58.96 6237 22.77
850 2022 12 15 45707.20 326.535259 1815 58.96 6237 22.77
851 2022 12 15 45707.40 326.935510 1815 58.96 6237 22.77
852 2022 12 15 45707.80 327.335510 1815 58.96 6238 22.78
853 2022 12 15 45708.20 327.735510 1815 58.96 6237 22.77
854 2022 12 15 45708.40 328.136209 1815 58.96 6236 22.76
855 2022 12 15 45708.80 328.536209 1815 58.96 6237 22.77
856 2022 12 15 45709.20 328.936209 1815 58.96 6236 22.76
857 2022 12 15 45709.00 328.936565 1815 58.96 6238 22.78
858 2022 12 15 45709.40 329.336565 1815 58.96 6236 22.76
859 2022 12 15 45709.80 329.736565 1815 58.96 6236 22.76
860 2022 12 15 45711.00 330.136805 1815 58.96 6237 22.77
861 2022 12 15 45711.40 330.536805 1815 58.96 6236 22.76
862 2022 12 15 45711.80 330.936805 1815 58.96 6236 22.76
863 2022 12 15 45712.20 331.336805 1815 58.96 6237 22.77
864 2022 12 15 45712.40 331.737263 1816 58.99 6236 22.76
865 2022 12 15 45712.80 332.137263 1815 58.96 6236 22.76
866 2022 12 15 45713.20 332.537263 1815 58.96 6237 22.77
867 2022 12 15 45713.40 332.937749 1815 58.96 6237 22.77
868 2022 12 15 45713.80 333.337749 1815 58.96 6238 22.78
869 2022 12 15 45714.20 333.737749 1815 58.96 6238 22.78
870 2022 12 15 45714.40 334.138059 1815 58.96 6238 22.78
871 2022 12 15 45714.80 334.538059 1815 58.96 6239 22.79
872 2022 12 15 45715.20 334.938059 1815 58.96 6237 22.77
873 2022 12 15 45715.40 335.338345 1815 58.96 6239 22.79
874 2022 12 15 45715.80 335.738345 1815 58.96 6238 22.78
875 2022 12 15 45716.20 336.138345 1815 58.96 6238 22.78
876 2022 12 15 45717.40 336.538716 1815 58.96 6238 22.78
877 2022 12 15 45717.80 336.938716 1815 58.96 6238 22.78
878 2022 12 15 45718.20 337.338716 1815 58.96 6237 22.77
879 2022 12 15 45718.00 337.339312 1816 58.99 6238 22.78
880 2022 12 15 45718.40 337.739312 1815 58.96 6238 22.78
881 2022 12 15 45718.80 338.139312 1815 58.96 6238 22.78
882 2022 12 15 45719.00 338.539669 1816 58.99 6236 22.76
883 2022 12 15 45719.40 338.939669 1815 58.96 6237 22.77
884 2022 12 15 45719.80 339.339669 1815 58.96 6237 22.77
885 2022 12 15 45720.20 339.739669 1815 58.96 6236 22.76
886 2022 12 15 45720.40 340.140027 1815 58.96 6236 22.76
887 2022 12 15 45720.80 340.540027 1815 58.96 6236 22.76
888 2022 12 15 45721.20 340.940027 1815 58.96 6237 22.77
889 2022 12 15 45721.40 341.340316 1815 58.96 6236 22.76
890 2022 12 15 45721.80 341.740316 1815 58.96 6238 22.78
891 2022 12 15 45722.20 342.140316 1815 58.96 6237 22.77
892 2022 12 15 45723.40 342.540635 1815 58.96 6238 22.78
893 2022 12 15 45723.80 342.940635 1815 58.96 6238 22.78
894 2022 12 15 45724.20 343.340635 1815 58.96 6237 22.77
895 2022 12 15 45724.40 343.740949 1815 58.96 6237 22.77
896 2022 12 15 45724.80 344.140949 1815 58.96 6237 22.77
897 2022 12 15 45725.20 344.540949 1815 58.96 6238 22.78
898 2022 12 15 45725.40 344.941353 1815 58.96 6238 22.78
899 2022 12 15 45725.80 345.341353 1815 58.96 6237 22.77
900 2022 12 15 45726.20 345.741353 1815 58.96 6237 22.77
901 2022 12 15 45726.00 345.742006 1815 58.96 6238 22.78
902 2022 12 15 45726.40 346.142006 1815 58.96 6237 22.77
903 2022 12 15 45726.80 346.542006 1815 58.96 6239 22.79
904 2022 12 15 45727.00 346.942633 1815 58.96 6237 22.77
905 2022 12 15 45727.40 347.342633 1815 58.96 6237 22.77
906 2022 12 15 45727.80 347.742633 1815 58.96 6237 22.77
907 2022 12 15 45728.20 348.142633 1815 58.96 6238 22.78
908 2022 12 15 45729.40 348.543195 1815 58.96 6237 22.77
909 2022 12 15 45729.80 348.943195 1815 58.96 6238 22.78
910 2022 12 15 45730.20 349.343195 1815 58.96 6238 22.78
911 2022 12 15 45730.40 349.743819 1815 58.96 6238 22.78
912 2022 12 15 45730.80 350.143819 1815 58.96 6238 22.78
913 2022 12 15 45731.20 350.543819 1815 58.96 6238 22.78
914 2022 12 15 45731.40 350.944444 1815 58.96 6239 22.79
915 2022 12 15 45731.80 351.344444 1815 58.96 6238 22.78
916 2022 12 15 45732.20 351.744444 1815 58.96 6237 22.77
917 2022 12 15 45732.40 352.144684 1815 58.96 6238 22.78
918 2022 12 15 45732.80 352.544684 1815 58.96 6238 22.78
919 2022 12 15 45733.20 352.944684 1814 58.93 6238 22.78
920 2022 12 15 45733.40 353.345047 1815 58.96 6239 22.79
921 2022 12 15 45733.80 353.745047 1815 58.96 6238 22.78
922 2022 12 15 45734.20 354.145047 1814 58.93 6238 22.78
923 2022 12 15 45735.00 354.145552 1815 58.96 6238 22.78
924 2022 12 15 45735.40 354.545552 1815 58.96 6237 22.77
925 2022 12 15 45735.80 354.945552 1815 58.96 6238 22.78
926 2022 12 15 45736.00 355.346095 1815 58.96 6238 22.78
927 2022 12 15 45736.40 355.746095 1814 58.93 6238 22.78
928 2022 12 15 45736.80 356.146095 1815 58.96 6237 22.77
929 2022 12 15 45737.20 356.546095 1815 58.96 6239 22.79
930 2022 12 15 45737.40 356.946328 1815 58.96 6238 22.78
931 2022 12 15 45737.80 357.346328 1814 58.93 6238 22.78
932 2022 12 15 45738.20 357.746328 1815 58.96 6238 22.78
933 2022 12 15 45738.40 358.146919 1814 58.93 6238 22.78
934 2022 12 15 45738.80 358.546919 1815 58.96 6238 22.78
935 2022 12 15 45739.20 358.946919 1815 58.96 6237 22.77
936 2022 12 15 45739.40 359.347512 1814 58.93 6239 22.79
937 2022 12 15 45739.80 359.747512 1815 58.96 6238 22.78
938 2022 12 15 45740.20 360.147512 1814 58.93 6238 22.78
939 2022 12 15 45741.40 360.547987 1815 58.96 6238 22.78
940 2022 12 15 45741.80 360.947987 1814 58.93 6238 22.78
941 2022 12 15 45742.20 361.347987 1814 58.93 6237 22.77
942 2022 12 15 45742.40 361.748477 1815 58.96 6238 22.78
943 2022 12 15 45742.80 362.148477 1814 58.93 6238 22.78
944 2022 12 15 45743.20 362.548477 1814 58.93 6239 22.79
945 2022 12 15 45743.00 362.548832 1814 58.93 6238 22.78
946 2022 12 15 45743.40 362.948832 1815 58.96 6238 22.78
947 2022 12 15 45743.80 363.348832 1815 58.96 6238 22.78
948 2022 12 15 45744.00 363.749105 1814 58.93 6238 22.78
949 2022 12 15 45744.40 364.149105 1814 58.93 6238 22.78
950 2022 12 15 45744.80 364.549105 1814 58.93 6238 22.78
951 2022 12 15 45745.20 364.949105 1815 58.96 6238 22.78
952 2022 12 15 45745.40 365.349354 1815 58.96 6238 22.78
953 2022 12 15 45745.80 365.749354 1814 58.93 6238 22.78
954 2022 12 15 45746.20 366.149354 1814 58.93 6238 22.78
955 2022 12 15 45747.40 366.549892 1815 58.96 6238 22.78
956 2022 12 15 45747.80 366.949892 1815 58.96 6238 22.78
957 2022 12 15 45748.20 367.349892 1814 58.93 6238 22.78
958 2022 12 15 45748.40 367.750481 1814 58.93 6238 22.78
959 2022 12 15 45748.80 368.150481 1814 58.93 6238 22.78
960 2022 12 15 45749.20 368.550481 1814 58.93 6238 22.78
961 2022 12 15 45749.40 368.951135 1814 58.93 6238 22.78
962 2022 12 15 45749.80 369.351135 1814 58.93 6237 22.77
963 2022 12 15 45750.20 369.751135 1814 58.93 6238 22.78
964 2022 12 15 45750.40 370.151469 1814 58.93 6239 22.79
965 2022 12 15 45750.80 370.551469 1814 58.93 6238 22.78
966 2022 12 15 45751.20 370.951469 1814 58.93 6238 22.78
967 2022 12 15 45751.00 370.951850 1814 58.93 6238 22.78
968 2022 12 15 45751.40 371.351850 1814 58.93 6238 22.78
969 2022 12 15 45751.80 371.751850 1815 58.96 6237 22.77
970 2022 12 15 45753.00 372.152152 1814 58.93 6238 22.78
971 2022 12 15 45753.40 372.552152 1814 58.93 6237 22.77
972 2022 12 15 45753.80 372.952152 1815 58.96 6238 22.78
973 2022 12 15 45754.20 373.352152 1814 58.93 6238 22.78
974 2022 12 15 45754.40 373.752678 1814 58.93 6237 22.77
975 2022 12 15 45754.80 374.152678 1814 58.93 6237 22.77
976 2022 12 15 45755.20 374.552678 1814 58.93 6237 22.77
977 2022 12 15 45755.40 374.953198 1814 58.93 6237 22.77
978 2022 12 15 45755.80 375.353198 1815 58.96 6236 22.76
979 2022 12 15 45756.20 375.753198 1814 58.93 6236 22.76
980 2022 12 15 45756.40 376.153681 1815 58.96 6238 22.78
981 2022 12 15 45756.80 376.553681 1815 58.96 6236 22.76
982 2022 12 15 45757.20 376.953681 1815 58.96 6237 22.77
983 2022 12 15 45757.40 377.354165 1815 58.96 6237 22.77
984 2022 12 15 45757.80 377.754165 1815 58.96 6237 22.77
985 2022 12 15 45758.20 378.154165 1815 58.96 6237 22.77
986 2022 12 15 45759.40 378.554828 1815 58.96 6236 22.76
987 2022 12 15 45759.80 378.954828 1814 58.93 6237 22.77
988 2022 12 15 45760.20 379.354828 1815 58.96 6237 22.77
989 2022 12 15 45760.00 379.355415 1814 58.93 6237 22.77
990 2022 12 15 45760.40 379.755415 1815 58.96 6236 22.76
991 2022 12 15 45760.80 380.155415 1814 58.93 6236 22.76
992 2022 12 15 45761.00 380.556001 1815 58.96 6236 22.76
993 2022 12 15 45761.40 380.956001 1815 58.96 6236 22.76
994 2022 12 15 45761.80 381.356001 1815 58.96 6236 22.76
995 2022 12 15 45762.20 381.756001 1814 58.93 6236 22.76
996 2022 12 15 45762.40 382.156343 1814 58.93 6236 22.76
997 2022 12 15 45762.80 382.556343 1815 58.96 6236 22.76
998 2022 12 15 45763.20 382.956343 1815 58.96 6237 22.77
999 2022 12 15 45763.40 383.356934 1815 58.96 6236 22.76
1000 2022 12 15 45763.80 383.756934 1814 58.93 6236 22.76
1001 2022 12 15 45764.20 384.156934 1815 58.96 6236 22.76
1002 2022 12 15 45765.40 384.557413 1815 58.96 6235 22.75
1003 2022 12 15 45765.80 384.957413 1815 58.96 6236 22.76
1004 2022 12 15 45766.20 385.357413 1814 58.93 6237 22.77
1005 2022 12 15 45766.40 385.758008 1814 58.93 6236 22.76
1006 2022 12 15 45766.80 386.158008 1814 58.93 6236 22.76
1007 2022 12 15 45767.20 386.558008 1815 58.96 6238 22.78
1008 2022 12 15 45767.40 386.958617 1815 58.96 6236 22.76
1009 2022 12 15 45767.80 387.358617 1815 58.96 6236 22.76
1010 2022 12 15 45768.20 387.758617 1815 58.96 6238 22.78
1011 2022 12 15 45768.00 387.759261 1815 58.96 6237 22.77
1012 2022 12 15 45768.40 388.159261 1815 58.96 6237 22.77
1013 2022 12 15 45768.80 388.559261 1815 58.96 6236 22.76
1014 2022 12 15 45769.00 388.959889 1814 58.93 6236 22.76
1015 2022 12 15 45769.40 389.359889 1815 58.96 6237 22.77
1016 2022 12 15 45769.80 389.759889 1814 58.93 6238 22.78
1017 2022 12 15 45770.20 390.159889 1815 58.96 6237 22.77
1018 2022 12 15 45771.40 390.560497 1815 58.96 6237 22.77
1019 2022 12 15 45771.80 390.960497 1815 58.96 6236 22.76
1020 2022 12 15 45772.20 391.360497 1815 58.96 6237 22.77
1021 2022 12 15 45772.40 391.761154 1815 58.96 6237 22.77
1022 2022 12 15 45772.80 392.161154 1815 58.96 6236 22.76
1023 2022 12 15 45773.20 392.561154 1815 58.96 6236 22.76
1024 2022 12 15 45773.40 392.961839 1815 58.96 6237 22.77
1025 2022 12 15 45773.80 393.361839 1815 58.96 6236 22.76
1026 2022 12 15 45774.20 393.761839 1815 58.96 6236 22.76
1027 2022 12 15 45774.40 394.162514 1815 58.96 6238 22.78
1028 2022 12 15 45774.80 394.562514 1815 58.96 6236 22.76
1029 2022 12 15 45775.20 394.962514 1815 58.96 6236 22.76
1030 2022 12 15 45775.40 395.363160 1815 58.96 6238 22.78
1031 2022 12 15 45775.80 395.763160 1815 58.96 6238 22.78
1032 2022 12 15 45776.20 396.163160 1815 58.96 6238 22.78
1033 2022 12 15 45777.40 396.563828 1815 58.96 6237 22.77
1034 2022 12 15 45777.80 396.963828 1815 58.96 6237 22.77
1035 2022 12 15 45778.20 397.363828 1815 58.96 6237 22.77
1036 2022 12 15 45778.00 397.364354 1815 58.96 6238 22.78
1037 2022 12 15 45778.40 397.764354 1815 58.96 6238 22.78
1038 2022 12 15 45778.80 398.164354 1815 58.96 6237 22.77
1039 2022 12 15 45779.00 398.564585 1815 58.96 6238 22.78
1040 2022 12 15 45779.40 398.964585 1815 58.96 6238 22.78
1041 2022 12 15 45779.80 399.364585 1815 58.96 6237 22.77
1042 2022 12 15 45780.20 399.764585 1815 58.96 6237 22.77
1043 2022 12 15 45780.40 400.164909 1815 58.96 6238 22.78
1044 2022 12 15 45780.80 400.564909 1815 58.96 6237 22.77
1045 2022 12 15 45781.20 400.964909 1815 58.96 6237 22.77
1046 2022 12 15 45781.40 401.365184 1815 58.96 6237 22.77
1047 2022 12 15 45781.80 401.765184 1815 58.96 6238 22.78
1048 2022 12 15 45782.20 402.165184 1815 58.96 6238 22.78
1049 2022 12 15 45783.40 402.565520 1815 58.96 6238 22.78
1050 2022 12 15 45783.80 402.965520 1814 58.93 6238 22.78
1051 2022 12 15 45784.20 403.365520 1815 58.96 6238 22.78
1052 2022 12 15 45784.40 403.765838 1815 58.96 6238 22.78
1053 2022 12 15 45784.80 404.165838 1815 58.96 6238 22.78
1054 2022 12 15 45785.20 404.565838 1815 58.96 6237 22.77
1055 2022 12 15 45785.40 404.966122 1815 58.96 6238 22.78
1056 2022 12 15 45785.80 405.366122 1815 58.96 6238 22.78
1057 2022 12 15 45786.20 405.766122 1815 58.96 6238 22.78
1058 2022 12 15 45786.00 405.766553 1815 58.96 6239 22.79
1059 2022 12 15 45786.40 406.166553 1814 58.93 6238 22.78
1060 2022 12 15 45786.80 406.566553 1815 58.96 6238 22.78
1061 2022 12 15 45787.20 406.966553 1815 58.96 6238 22.78
1062 2022 12 15 45787.40 407.366940 1815 58.96 6238 22.78
1063 2022 12 15 45787.80 407.766940 1815 58.96 6237 22.77
1064 2022 12 15 45788.20 408.166940 1815 58.96 6238 22.78
1065 2022 12 15 45789.40 408.567210 1815 58.96 6238 22.78
1066 2022 12 15 45789.80 408.967210 1815 58.96 6238 22.78
1067 2022 12 15 45790.20 409.367210 1815 58.96 6237 22.77
1068 2022 12 15 45790.40 409.767484 1815 58.96 6236 22.76
1069 2022 12 15 45790.80 410.167484 1815 58.96 6237 22.77
1070 2022 12 15 45791.20 410.567484 1815 58.96 6237 22.77
1071 2022 12 15 45791.40 410.967798 1815 58.96 6238 22.78
1072 2022 12 15 45791.80 411.367798 1815 58.96 6237 22.77
1073 2022 12 15 45792.20 411.767798 1815 58.96 6237 22.77
1074 2022 12 15 45792.40 412.168151 1815 58.96 6238 22.78
1075 2022 12 15 45792.80 412.568151 1815 58.96 6238 22.78
1076 2022 12 15 45793.20 412.968151 1815 58.96 6238 22.78
1077 2022 12 15 45793.40 413.368755 1815 58.96 6238 22.78
1078 2022 12 15 45793.80 413.768755 1815 58.96 6237 22.77
1079 2022 12 15 45794.20 414.168755 1815 58.96 6237 22.77
1080 2022 12 15 45795.00 414.169318 1815 58.96 6237 22.77
1081 2022 12 15 45795.40 414.569318 1815 58.96 6236 22.76
1082 2022 12 15 45795.80 414.969318 1815 58.96 6238 22.78
1083 2022 12 15 45796.00 415.369593 1815 58.96 6236 22.76
1084 2022 12 15 45796.40 415.769593 1815 58.96 6237 22.77
1085 2022 12 15 45796.80 416.169593 1815 58.96 6237 22.77
1086 2022 12 15 45797.20 416.569593 1815 58.96 6237 22.77
1087 2022 12 15 45797.40 416.970140 1815 58.96 6238 22.78
1088 2022 12 15 45797.80 417.370140 1815 58.96 6237 22.77
1089 2022 12 15 45798.20 417.770140 1815 58.96 6238 22.78
1090 2022 12 15 45798.40 418.170479 1815 58.96 6238 22.78
1091 2022 12 15 45798.80 418.570479 1816 58.99 6236 22.76
1092 2022 12 15 45799.20 418.970479 1816 58.99 6237 22.77
1093 2022 12 15 45799.40 419.370787 1816 58.99 6237 22.77
1094 2022 12 15 45799.80 419.770787 1816 58.99 6238 22.78
1095 2022 12 15 45800.20 420.170787 1816 58.99 6237 22.77
1096 2022 12 15 45801.40 420.571288 1816 58.99 6238 22.78
1097 2022 12 15 45801.80 420.971288 1816 58.99 6237 22.77
1098 2022 12 15 45802.20 421.371288 1816 58.99 6237 22.77
1099 2022 12 15 45802.40 421.771853 1816 58.99 6238 22.78
1100 2022 12 15 45802.80 422.171853 1817 59.02 6237 22.77
1101 2022 12 15 45803.20 422.571853 1817 59.02 6237 22.77
1102 2022 12 15 45803.00 422.572397 1816 58.99 6238 22.78
1103 2022 12 15 45803.40 422.972397 1816 58.99 6238 22.78
1104 2022 12 15 45803.80 423.372397 1816 58.99 6237 22.77
1105 2022 12 15 45804.00 423.772630 1817 59.02 6238 22.78
1106 2022 12 15 45804.40 424.172630 1817 59.02 6238 22.78
1107 2022 12 15 45804.80 424.572630 1817 59.02 6238 22.78
1108 2022 12 15 45805.20 424.972630 1816 58.99 6239 22.79
1109 2022 12 15 45805.40 425.373262 1817 59.03 6238 22.78
1110 2022 12 15 45805.80 425.773262 1817 59.02 6238 22.78
1111 2022 12 15 45806.20 426.173262 1816 58.99 6238 22.78
1112 2022 12 15 45807.40 426.573692 1816 58.99 6238 22.78
1113 2022 12 15 45807.80 426.973692 1816 58.99 6238 22.78
1114 2022 12 15 45808.20 427.373692 1816 58.99 6238 22.78
1115 2022 12 15 45808.40 427.774258 1816 58.99 6238 22.78
1116 2022 12 15 45808.80 428.174258 1816 58.99 6239 22.79
1117 2022 12 15 45809.20 428.574258 1816 59.00 6238 22.78
1118 2022 12 15 45809.40 428.974772 1816 58.99 6239 22.79
1119 2022 12 15 45809.80 429.374772 1816 59.00 6239 22.79
1120 2022 12 15 45810.20 429.774772 1816 59.00 6239 22.79
1121 2022 12 15 45810.40 430.175266 1816 59.00 6238 22.78
1122 2022 12 15 45810.80 430.575266 1816 58.99 6240 22.80
1123 2022 12 15 45811.20 430.975266 1816 59.00 6239 22.79
1124 2022 12 15 45811.00 430.975738 1816 59.00 6238 22.78
1125 2022 12 15 45811.40 431.375738 1816 58.99 6238 22.78
1126 2022 12 15 45811.80 431.775738 1816 58.99 6239 22.79
1127 2022 12 15 45813.00 432.176275 1816 59.00 6240 22.80
1128 2022 12 15 45813.40 432.576275 1816 59.00 6238 22.78
1129 2022 12 15 45813.80 432.976275 1816 58.99 6240 22.80
1130 2022 12 15 45814.20 433.376275 1816 59.00 6240 22.80
1131 2022 12 15 45814.40 433.776839 1815 58.97 6239 22.79
1132 2022 12 15 45814.80 434.176839 1816 59.00 6239 22.79
1133 2022 12 15 45815.20 434.576839 1815 58.96 6240 22.80
1134 2022 12 15 45815.40 434.977159 1816 59.00 6240 22.80
1135 2022 12 15 45815.80 435.377159 1816 59.00 6240 22.80
1136 2022 12 15 45816.20 435.777159 1816 59.00 6240 22.80
1137 2022 12 15 45816.40 436.177735 1815 58.97 6239 22.79
1138 2022 12 15 45816.80 436.577735 1816 59.00 6239 22.79
1139 2022 12 15 45817.20 436.977735 1816 59.00 6240 22.80
1140 2022 12 15 45817.40 437.378003 1816 59.00 6241 22.81
1141 2022 12 15 45817.80 437.778003 1816 59.00 6240 22.80
1142 2022 12 15 45818.20 438.178003 1816 59.00 6240 22.80
1143 2022 12 15 45819.40 438.578623 1815 58.97 6239 22.79
1144 2022 12 15 45819.80 438.978623 1816 59.00 6239 22.79
1145 2022 12 15 45820.20 439.378623 1815 58.96 6239 22.79
1146 2022 12 15 45820.00 439.379273 1815 58.96 6239 22.79
1147 2022 12 15 45820.40 439.779273 1815 58.96 6240 22.80
1148 2022 12 15 45820.80 440.179273 1816 59.00 6240 22.80
1149 2022 12 15 45821.00 440.579922 1815 58.97 6239 22.79
1150 2022 12 15 45821.40 440.979922 1816 59.00 6240 22.80
1151 2022 12 15 45821.80 441.379922 1816 59.00 6240 22.80
1152 2022 12 15 45822.20 441.779922 1816 59.00 6240 22.80
1153 2022 12 15 45822.40 442.180638 1816 59.00 6240 22.80
1154 2022 12 15 45822.80 442.580638 1816 59.00 6240 22.80
1155 2022 12 15 45823.20 442.980638 1815 58.97 6239 22.79
1156 2022 12 15 45823.40 443.381084 1816 59.00 6239 22.79
1157 2022 12 15 45823.80 443.781084 1815 58.96 6239 22.79
1158 2022 12 15 45824.20 444.181084 1815 58.96 6239 22.79
1159 2022 12 15 45825.40 444.581496 1816 59.00 6239 22.79
1160 2022 12 15 45825.80 444.981496 1815 58.96 6238 22.78
1161 2022 12 15 45826.20 445.381496 1816 58.99 6239 22.79
1162 2022 12 15 45826.40 445.781787 1815 58.96 6239 22.79
1163 2022 12 15 45826.80 446.181787 1815 58.96 6238 22.78
1164 2022 12 15 45827.20 446.581787 1815 58.96 6238 22.78
1165 2022 12 15 45827.40 446.982092 1815 58.96 6238 22.78
1166 2022 12 15 45827.80 447.382092 1815 58.96 6239 22.79
1167 2022 12 15 45828.20 447.782092 1815 58.96 6238 22.78
1168 2022 12 15 45828.00 447.782516 1815 58.96 6239 22.79
1169 2022 12 15 45828.40 448.182516 1815 58.96 6238 22.78
1170 2022 12 15 45828.80 448.582516 1815 58.96 6238 22.78
1171 2022 12 15 45829.00 448.983008 1815 58.96 6239 22.79
1172 2022 12 15 45829.40 449.383008 1814 58.93 6238 22.78
1173 2022 12 15 45829.80 449.783008 1815 58.96 6238 22.78
1174 2022 12 15 45830.20 450.183008 1814 58.93 6240 22.80
1175 2022 12 15 45831.40 450.583556 1815 58.97 6238 22.78
1176 2022 12 15 45831.80 450.983556 1815 58.96 6239 22.79
1177 2022 12 15 45832.20 451.383556 1814 58.93 6238 22.78
1178 2022 12 15 45832.40 451.784087 1814 58.93 6238 22.78
1179 2022 12 15 45832.80 452.184087 1814 58.93 6238 22.78
1180 2022 12 15 45833.20 452.584087 1815 58.96 6238 22.78
1181 2022 12 15 45833.40 452.984582 1815 58.96 6238 22.78
1182 2022 12 15 45833.80 453.384582 1814 58.93 6237 22.77
1183 2022 12 15 45834.20 453.784582 1814 58.93 6239 22.79
1184 2022 12 15 45834.40 454.185062 1815 58.96 6238 22.78
1185 2022 12 15 45834.80 454.585062 1814 58.93 6238 22.78
1186 2022 12 15 45835.20 454.985062 1815 58.96 6238 22.78
1187 2022 12 15 45835.40 455.385499 1814 58.93 6237 22.77
1188 2022 12 15 45835.80 455.785499 1814 58.93 6238 22.78
1189 2022 12 15 45836.20 456.185499 1815 58.96 6238 22.78
1190 2022 12 15 45837.00 456.185802 1814 58.93 6238 22.78
1191 2022 12 15 45837.40 456.585802 1814 58.93 6238 22.78
1192 2022 12 15 45837.80 456.985802 1815 58.96 6238 22.78
1193 2022 12 15 45838.00 457.386098 1814 58.93 6239 22.79
1194 2022 12 15 45838.40 457.786098 1815 58.96 6238 22.78
1195 2022 12 15 45838.80 458.186098 1815 58.96 6239 22.79
1196 2022 12 15 45839.20 458.586098 1814 58.93 6239 22.79
1197 2022 12 15 45839.40 458.986721 1815 58.96 6238 22.78
1198 2022 12 15 45839.80 459.386721 1815 58.96 6239 22.79
1199 2022 12 15 45840.20 459.786721 1815 58.96 6238 22.78
1200 2022 12 15 45840.40 460.187012 1815 58.96 6238 22.78
1201 2022 12 15 45840.80 460.587012 1815 58.96 6238 22.78
1202 2022 12 15 45841.20 460.987012 1815 58.96 6238 22.78
1203 2022 12 15 45841.40 461.387293 1815 58.96 6238 22.78
1204 2022 12 15 45841.80 461.787293 1815 58.96 6238 22.78
1205 2022 12 15 45842.20 462.187293 1815 58.96 6239 22.79
1206 2022 12 15 45843.40 462.587570 1815 58.96 6238 22.78
1207 2022 12 15 45843.80 462.987570 1815 58.96 6238 22.78
1208 2022 12 15 45844.20 463.387570 1815 58.96 6239 22.79
1209 2022 12 15 45844.40 463.787886 1815 58.96 6239 22.79
1210 2022 12 15 45844.80 464.187886 1815 58.96 6238 22.78
1211 2022 12 15 45845.20 464.587886 1816 58.99 6238 22.78
1212 2022 12 15 45845.00 464.588539 1816 58.99 6238 22.78
1213 2022 12 15 45845.40 464.988539 1816 58.99 6238 22.78
1214 2022 12 15 45845.80 465.388539 1815 58.96 6238 22.78
1215 2022 12 15 45846.00 465.789207 1816 58.99 6238 22.78
1216 2022 12 15 45846.40 466.189207 1815 58.96 6238 22.78
1217 2022 12 15 45846.80 466.589207 1816 58.99 6237 22.77
1218 2022 12 15 45847.20 466.989207 1816 58.99 6238 22.78
1219 2022 12 15 45847.40 467.389926 1815 58.96 6238 22.78
1220 2022 12 15 45847.80 467.789926 1816 58.99 6237 22.77
1221 2022 12 15 45848.20 468.189926 1816 58.99 6238 22.78
1222 2022 12 15 45849.40 468.590591 1816 58.99 6238 22.78
1223 2022 12 15 45849.80 468.990591 1816 58.99 6238 22.78
1224 2022 12 15 45850.20 469.390591 1816 58.99 6238 22.78
1225 2022 12 15 45850.40 469.791253 1816 58.99 6238 22.78
1226 2022 12 15 45850.80 470.191253 1816 58.99 6238 22.78
1227 2022 12 15 45851.20 470.591253 1816 58.99 6237 22.77
1228 2022 12 15 45851.40 470.991918 1817 59.02 6237 22.77
1229 2022 12 15 45851.80 471.391918 1816 58.99 6237 22.77
1230 2022 12 15 45852.20 471.791918 1816 58.99 6236 22.76
1231 2022 12 15 45852.40 472.192231 1817 59.02 6237 22.77
1232 2022 12 15 45852.80 472.592231 1816 58.99 6236 22.76
1233 2022 12 15 45853.20 472.992231 1816 58.99 6237 22.77
1234 2022 12 15 45853.00 472.992462 1817 59.02 6237 22.77
1235 2022 12 15 45853.40 473.392462 1816 58.99 6236 22.76
1236 2022 12 15 45853.80 473.792462 1817 59.02 6237 22.77
1237 2022 12 15 45855.00 474.192915 1817 59.02 6238 22.78
1238 2022 12 15 45855.40 474.592915 1816 58.99 6236 22.76
1239 2022 12 15 45855.80 474.992915 1817 59.02 6237 22.77
1240 2022 12 15 45856.20 475.392915 1816 58.99 6238 22.78
1241 2022 12 15 45856.40 475.793640 1817 59.02 6238 22.78
1242 2022 12 15 45856.80 476.193640 1817 59.02 6238 22.78
1243 2022 12 15 45857.20 476.593640 1817 59.02 6236 22.76
1244 2022 12 15 45857.40 476.994365 1817 59.02 6237 22.77
1245 2022 12 15 45857.80 477.394365 1817 59.02 6236 22.76
1246 2022 12 15 45858.20 477.794365 1817 59.02 6237 22.77
1247 2022 12 15 45858.40 478.195023 1817 59.02 6237 22.77
1248 2022 12 15 45858.80 478.595023 1817 59.02 6236 22.76
1249 2022 12 15 45859.20 478.995023 1817 59.02 6237 22.77
1250 2022 12 15 45859.40 479.395718 1817 59.02 6236 22.76
1251 2022 12 15 45859.80 479.795718 1817 59.02 6237 22.77
1252 2022 12 15 45860.20 480.195718 1817 59.02 6236 22.76
1253 2022 12 15 45861.40 480.596265 1817 59.02 6236 22.76
1254 2022 12 15 45861.80 480.996265 1817 59.02 6236 22.76
1255 2022 12 15 45862.20 481.396265 1817 59.02 6236 22.76
1256 2022 12 15 45862.00 481.396856 1817 59.02 6236 22.76
1257 2022 12 15 45862.40 481.796856 1817 59.02 6237 22.77
1258 2022 12 15 45862.80 482.196856 1817 59.02 6236 22.76
1259 2022 12 15 45863.00 482.597294 1817 59.02 6236 22.76
1260 2022 12 15 45863.40 482.997294 1817 59.02 6237 22.77
1261 2022 12 15 45863.80 483.397294 1816 58.99 6236 22.76
1262 2022 12 15 45864.20 483.797294 1816 58.99 6237 22.77
1263 2022 12 15 45864.40 484.197630 1816 58.99 6238 22.78
1264 2022 12 15 45864.80 484.597630 1816 58.99 6237 22.77
1265 2022 12 15 45865.20 484.997630 1816 58.99 6236 22.76
1266 2022 12 15 45865.40 485.397874 1817 59.02 6236 22.76
1267 2022 12 15 45865.80 485.797874 1816 58.99 6237 22.77
1268 2022 12 15 45866.20 486.197874 1816 58.99 6237 22.77
1269 2022 12 15 45867.40 486.598171 1816 58.99 6237 22.77
1270 2022 12 15 45867.80 486.998171 1817 59.02 6238 22.78
1271 2022 12 15 45868.20 487.398171 1816 58.99 6238 22.78
1272 2022 12 15 45868.40 487.798506 1816 58.99 6238 22.78
1273 2022 12 15 45868.80 488.198506 1816 58.99 6239 22.79
1274 2022 12 15 45869.20 488.598506 1816 59.00 6239 22.79
1275 2022 12 15 45869.40 488.999025 1816 59.00 6239 22.79
1276 2022 12 15 45869.80 489.399025 1816 59.00 6238 22.78
1277 2022 12 15 45870.20 489.799025 1816 58.99 6237 22.77
1278 2022 12 15 45870.00 489.799661 1816 58.99 6238 22.78
1279 2022 12 15 45870.40 490.199661 1816 58.99 6238 22.78
1280 2022 12 15 45870.80 490.599661 1816 58.99 6238 22.78
1281 2022 12 15 45871.00 491.000003 1816 58.99 6238 22.78
1282 2022 12 15 45871.40 491.400003 1816 58.99 6239 22.79
1283 2022 12 15 45871.80 491.800003 1816 59.00 6238 22.78
1284 2022 12 15 45872.20 492.200003 1816 58.99 6239 22.79
1285 2022 12 15 45873.40 492.600622 1816 59.00 6240 22.80
1286 2022 12 15 45873.80 493.000622 1816 59.00 6239 22.79
1287 2022 12 15 45874.20 493.400622 1816 59.00 6239 22.79
1288 2022 12 15 45874.40 493.801204 1816 59.00 6238 22.78
1289 2022 12 15 45874.80 494.201204 1815 58.96 6238 22.78
1290 2022 12 15 45875.20 494.601204 1816 58.99 6239 22.79
1291 2022 12 15 45875.40 495.001596 1816 59.00 6238 22.78
1292 2022 12 15 45875.80 495.401596 1816 58.99 6240 22.80
1293 2022 12 15 45876.20 495.801596 1815 58.97 6240 22.80
1294 2022 12 15 45876.40 496.202181 1815 58.97 6239 22.79
1295 2022 12 15 45876.80 496.602181 1815 58.96 6239 22.79
1296 2022 12 15 45877.20 497.002181 1816 59.00 6239 22.79
1297 2022 12 15 45877.40 497.402772 1815 58.96 6240 22.80
1298 2022 12 15 45877.80 497.802772 1816 59.00 6240 22.80
1299 2022 12 15 45878.20 498.202772 1815 58.97 6240 22.80
1300 2022 12 15 45879.00 498.203395 1816 59.00 6238 22.78
1301 2022 12 15 45879.40 498.603395 1815 58.96 6240 22.80
1302 2022 12 15 45879.80 499.003395 1815 58.97 6239 22.79
1303 2022 12 15 45880.00 499.404020 1815 58.96 6240 22.80
1304 2022 12 15 45880.40 499.804020 1815 58.97 6240 22.80
1305 2022 12 15 45880.80 500.204020 1816 59.00 6240 22.80
1306 2022 12 15 45881.20 500.604020 1815 58.97 6239 22.79
1307 2022 12 15 45881.40 501.004663 1815 58.96 6240 22.80
1308 2022 12 15 45881.80 501.404663 1815 58.97 6240 22.80
1309 2022 12 15 45882.20 501.804663 1815 58.97 6240 22.80
1310 2022 12 15 45882.40 502.205240 1815 58.97 6239 22.79
1311 2022 12 15 45882.80 502.605240 1815 58.96 6240 22.80
1312 2022 12 15 45883.20 503.005240 1815 58.97 6240 22.80
1313 2022 12 15 45883.40 503.405863 1815 58.97 6241 22.81
1314 2022 12 15 45883.80 503.805863 1815 58.97 6239 22.79
1315 2022 12 15 45884.20 504.205863 1815 58.96 6240 22.80
1316 2022 12 15 45885.40 504.606515 1815 58.97 6240 22.80
1317 2022 12 15 45885.80 505.006515 1815 58.97 6240 22.80
1318 2022 12 15 45886.20 505.406515 1815 58.97 6240 22.80
1319 2022 12 15 45886.40 505.807191 1815 58.97 6240 22.80
1320 2022 12 15 45886.80 506.207191 1815 58.97 6239 22.79
1321 2022 12 15 45887.20 506.607191 1815 58.96 6240 22.80
1322 2022 12 15 45887.40 507.007449 1815 58.97 6240 22.80
1323 2022 12 15 45887.80 507.407449 1815 58.97 6240 22.80
1324 2022 12 15 45888.20 507.807449 1815 58.97 6240 22.80
1325 2022 12 15 45888.00 507.807707 1815 58.97 6240 22.80
1326 2022 12 15 45888.40 508.207707 1815 58.97 6240 22.80
1327 2022 12 15 45888.80 508.607707 1815 58.97 6240 22.80
1328 2022 12 15 45889.00 509.008070 1815 58.97 6240 22.80
1329 2022 12 15 45889.40 509.408070 1815 58.97 6240 22.80
1330 2022 12 15 45889.80 509.808070 1815 58.97 6240 22.80
1331 2022 12 15 45890.20 510.208070 1815 58.97 6239 22.79
1332 2022 12 15 45891.40 510.608320 1815 58.96 6240 22.80
1333 2022 12 15 45891.80 511.008320 1815 58.97 6240 22.80
1334 2022 12 15 45892.20 511.408320 1815 58.97 6239 22.79
1335 2022 12 15 45892.40 511.808806 1815 58.96 6240 22.80
1336 2022 12 15 45892.80 512.208806 1815 58.97 6240 22.80
1337 2022 12 15 45893.20 512.608806 1815 58.97 6239 22.79
1338 2022 12 15 45893.40 513.009307 1815 58.96 6240 22.80
1339 2022 12 15 45893.80 513.409307 1815 58.97 6240 22.80
1340 2022 12 15 45894.20 513.809307 1815 58.97 6240 22.80
1341 2022 12 15 45894.40 514.209883 1815 58.97 6239 22.79
1342 2022 12 15 45894.80 514.609883 1815 58.96 6239 22.79
1343 2022 12 15 45895.20 515.009883 1816 59.00 6240 22.80
1344 2022 12 15 45895.40 515.410182 1815 58.97 6239 22.79
1345 2022 12 15 45895.80 515.810182 1816 59.00 6240 22.80
1346 2022 12 15 45896.20 516.210182 1816 59.00 6240 22.80
1347 2022 12 15 45897.00 516.210693 1815 58.97 6239 22.79
1348 2022 12 15 45897.40 516.610693 1815 58.96 6240 22.80
1349 2022 12 15 45897.80 517.010693 1815 58.97 6240 22.80
1350 2022 12 15 45898.00 517.411182 1816 59.00 6239 22.79
1351 2022 12 15 45898.40 517.811182 1816 59.00 6240 22.80
1352 2022 12 15 45898.80 518.211182 1815 58.97 6240 22.80
1353 2022 12 15 45899.20 518.611182 1815 58.97 6240 22.80
1354 2022 12 15 45899.40 519.011658 1815 58.97 6239 22.79
1355 2022 12 15 45899.80 519.411658 1815 58.96 6240 22.80
1356 2022 12 15 45900.20 519.811658 1815 58.97 6239 22.79
1357 2022 12 15 45900.40 520.211948 1815 58.96 6240 22.80
1358 2022 12 15 45900.80 520.611948 1815 58.97 6240 22.80
1359 2022 12 15 45901.20 521.011948 1815 58.97 6238 22.78
1360 2022 12 15 45901.40 521.412253 1815 58.96 6238 22.78
1361 2022 12 15 45901.80 521.812253 1815 58.96 6239 22.79
1362 2022 12 15 45902.20 522.212253 1815 58.96 6240 22.80
1363 2022 12 15 45903.40 522.612572 1815 58.97 6240 22.80
1364 2022 12 15 45903.80 523.012572 1815 58.97 6240 22.80
1365 2022 12 15 45904.20 523.412572 1815 58.97 6239 22.79
1366 2022 12 15 45904.40 523.812887 1815 58.96 6240 22.80
1367 2022 12 15 45904.80 524.212887 1815 58.97 6239 22.79
1368 2022 12 15 45905.20 524.612887 1815 58.96 6240 22.80
1369 2022 12 15 45905.00 524.613482 1815 58.97 6238 22.78
1370 2022 12 15 45905.40 525.013482 1814 58.93 6238 22.78
1371 2022 12 15 45905.80 525.413482 1814 58.93 6240 22.80
1372 2022 12 15 45906.00 525.814068 1815 58.97 6240 22.80
1373 2022 12 15 45906.40 526.214068 1815 58.97 6238 22.78
1374 2022 12 15 45906.80 526.614068 1814 58.93 6240 22.80
1375 2022 12 15 45907.20 527.014068 1814 58.94 6239 22.79
1376 2022 12 15 45907.40 527.414640 1814 58.93 6239 22.79
1377 2022 12 15 45907.80 527.814640 1814 58.93 6239 22.79
1378 2022 12 15 45908.20 528.214640 1814 58.93 6238 22.78
1379 2022 12 15 45909.40 528.615249 1814 58.93 6239 22.79
1380 2022 12 15 45909.80 529.015249 1815 58.96 6240 22.80
1381 2022 12 15 45910.20 529.415249 1814 58.94 6238 22.78
1382 2022 12 15 45910.40 529.815834 1814 58.93 6239 22.79
1383 2022 12 15 45910.80 530.215834 1815 58.96 6239 22.79
1384 2022 12 15 45911.20 530.615834 1814 58.93 6239 22.79
1385 2022 12 15 45911.40 531.016433 1815 58.96 6238 22.78
1386 2022 12 15 45911.80 531.416433 1814 58.93 6239 22.79
1387 2022 12 15 45912.20 531.816433 1814 58.93 6238 22.78
1388 2022 12 15 45912.40 532.217027 1814 58.93 6239 22.79
1389 2022 12 15 45912.80 532.617027 1814 58.93 6238 22.78
1390 2022 12 15 45913.20 533.017027 1814 58.93 6240 22.80
1391 2022 12 15 45913.00 533.017548 1814 58.94 6238 22.78
1392 2022 12 15 45913.40 533.417548 1814 58.93 6239 22.79
1393 2022 12 15 45913.80 533.817548 1814 58.93 6239 22.79
1394 2022 12 15 45915.00 534.218166 1814 58.93 6239 22.79
1395 2022 12 15 45915.40 534.618166 1813 58.90 6238 22.78
1396 2022 12 15 45915.80 535.018166 1814 58.93 6239 22.79
1397 2022 12 15 45916.20 535.418166 1814 58.93 6238 22.78
1398 2022 12 15 45916.40 535.818865 1814 58.93 6239 22.79
1399 2022 12 15 45916.80 536.218865 1814 58.93 6238 22.78
1400 2022 12 15 45917.20 536.618865 1814 58.93 6239 22.79
1401 2022 12 15 45917.40 537.019274 1814 58.93 6238 22.78
1402 2022 12 15 45917.80 537.419274 1814 58.93 6238 22.78
1403 2022 12 15 45918.20 537.819274 1814 58.93 6238 22.78
1404 2022 12 15 45918.40 538.219512 1813 58.90 6238 22.78
1405 2022 12 15 45918.80 538.619512 1813 58.90 6238 22.78
1406 2022 12 15 45919.20 539.019512 1814 58.93 6237 22.77
1407 2022 12 15 45919.40 539.420010 1814 58.93 6238 22.78
1408 2022 12 15 45919.80 539.820010 1814 58.93 6237 22.77
1409 2022 12 15 45920.20 540.220010 1814 58.93 6239 22.79
1410 2022 12 15 45921.40 540.620524 1814 58.93 6238 22.78
1411 2022 12 15 45921.80 541.020524 1814 58.93 6239 22.79
1412 2022 12 15 45922.20 541.420524 1814 58.93 6238 22.78
1413 2022 12 15 45922.00 541.421008 1814 58.93 6239 22.79
1414 2022 12 15 45922.40 541.821008 1814 58.93 6238 22.78
1415 2022 12 15 45922.80 542.221008 1815 58.96 6238 22.78
1416 2022 12 15 45923.00 542.621486 1815 58.96 6238 22.78
1417 2022 12 15 45923.40 543.021486 1814 58.93 6238 22.78
1418 2022 12 15 45923.80 543.421486 1815 58.96 6238 22.78
1419 2022 12 15 45924.20 543.821486 1815 58.96 6238 22.78
1420 2022 12 15 45924.40 544.222107 1815 58.96 6238 22.78
1421 2022 12 15 45924.80 544.622107 1814 58.93 6238 22.78
1422 2022 12 15 45925.20 545.022107 1815 58.96 6238 22.78
1423 2022 12 15 45925.40 545.422633 1815 58.96 6239 22.79
1424 2022 12 15 45925.80 545.822633 1815 58.96 6238 22.78
1425 2022 12 15 45926.20 546.222633 1815 58.96 6239 22.79
1426 2022 12 15 45927.40 546.623205 1815 58.96 6239 22.79
1427 2022 12 15 45927.80 547.023205 1815 58.96 6240 22.80
1428 2022 12 15 45928.20 547.423205 1815 58.97 6239 22.79
1429 2022 12 15 45928.40 547.823448 1815 58.96 6238 22.78
1430 2022 12 15 45928.80 548.223448 1815 58.96 6239 22.79
1431 2022 12 15 45929.20 548.623448 1815 58.96 6239 22.79
1432 2022 12 15 45929.40 549.024024 1816 59.00 6239 22.79
1433 2022 12 15 45929.80 549.424024 1815 58.96 6240 22.80
1434 2022 12 15 45930.20 549.824024 1815 58.97 6239 22.79
1435 2022 12 15 45930.00 549.824623 1815 58.96 6238 22.78
1436 2022 12 15 45930.40 550.224623 1815 58.96 6240 22.80
1437 2022 12 15 45930.80 550.624623 1815 58.97 6240 22.80
1438 2022 12 15 45931.00 551.024973 1815 58.97 6239 22.79
1439 2022 12 15 45931.40 551.424973 1815 58.96 6238 22.78
1440 2022 12 15 45931.80 551.824973 1815 58.96 6240 22.80
1441 2022 12 15 45932.20 552.224973 1815 58.97 6238 22.78
1442 2022 12 15 45933.40 552.625418 1815 58.96 6238 22.78
1443 2022 12 15 45933.80 553.025418 1815 58.96 6239 22.79
1444 2022 12 15 45934.20 553.425418 1815 58.96 6238 22.78
1445 2022 12 15 45934.40 553.825725 1814 58.93 6239 22.79
1446 2022 12 15 45934.80 554.225725 1815 58.96 6238 22.78
1447 2022 12 15 45935.20 554.625725 1815 58.96 6239 22.79
1448 2022 12 15 45935.40 555.026036 1815 58.96 6238 22.78
1449 2022 12 15 45935.80 555.426036 1815 58.96 6240 22.80
1450 2022 12 15 45936.20 555.826036 1814 58.94 6238 22.78
1451 2022 12 15 45936.40 556.226656 1814 58.93 6239 22.79
1452 2022 12 15 45936.80 556.626656 1814 58.93 6239 22.79
1453 2022 12 15 45937.20 557.026656 1814 58.93 6239 22.79
1454 2022 12 15 45937.40 557.426941 1814 58.93 6239 22.79
1455 2022 12 15 45937.80 557.826941 1815 58.96 6239 22.79
1456 2022 12 15 45938.20 558.226941 1814 58.93 6238 22.78
1457 2022 12 15 45939.00 558.227352 1814 58.93 6239 22.79
1458 2022 12 15 45939.40 558.627352 1814 58.93 6239 22.79
1459 2022 12 15 45939.80 559.027352 1814 58.93 6239 22.79
1460 2022 12 15 45940.00 559.427599 1814 58.93 6240 22.80
1461 2022 12 15 45940.40 559.827599 1815 58.97 6240 22.80
1462 2022 12 15 45940.80 560.227599 1814 58.94 6238 22.78
1463 2022 12 15 45941.20 560.627599 1814 58.93 6238 22.78
1464 2022 12 15 45941.40 561.027903 1814 58.93 6238 22.78
1465 2022 12 15 45941.80 561.427903 1814 58.93 6238 22.78
1466 2022 12 15 45942.20 561.827903 1814 58.93 6239 22.79
1467 2022 12 15 45942.40 562.228204 1814 58.93 6237 22.77
1468 2022 12 15 45942.80 562.628204 1814 58.93 6238 22.78
1469 2022 12 15 45943.20 563.028204 1815 58.96 6238 22.78
1470 2022 12 15 45943.40 563.428541 1814 58.93 6237 22.77
1471 2022 12 15 45943.80 563.828541 1814 58.93 6238 22.78
1472 2022 12 15 45944.20 564.228541 1814 58.93 6239 22.79
1473 2022 12 15 45945.40 564.629110 1814 58.93 6238 22.78
1474 2022 12 15 45945.80 565.029110 1814 58.93 6238 22.78
1475 2022 12 15 45946.20 565.429110 1814 58.93 6238 22.78
1476 2022 12 15 45946.40 565.829421 1815 58.96 6238 22.78
1477 2022 12 15 45946.80 566.229421 1815 58.96 6239 22.79
1478 2022 12 15 45947.20 566.629421 1815 58.96 6237 22.77
1479 2022 12 15 45947.00 566.629912 1815 58.96 6238 22.78
1480 2022 12 15 45947.40 567.029912 1815 58.96 6237 22.77
1481 2022 12 15 45947.80 567.429912 1814 58.93 6238 22.78
1482 2022 12 15 45948.00 567.830501 1815 58.96 6237 22.77
1483 2022 12 15 45948.40 568.230501 1814 58.93 6238 22.78
1484 2022 12 15 45948.80 568.630501 1814 58.93 6238 22.78
1485 2022 12 15 45949.20 569.030501 1815 58.96 6238 22.78
1486 2022 12 15 45949.40 569.431122 1814 58.93 6238 22.78
1487 2022 12 15 45949.80 569.831122 1815 58.96 6237 22.77
1488 2022 12 15 45950.20 570.231122 1814 58.93 6238 22.78
1489 2022 12 15 45951.40 570.631349 1815 58.96 6237 22.77
1490 2022 12 15 45951.80 571.031349 1814 58.93 6238 22.78
1491 2022 12 15 45952.20 571.431349 1815 58.96 6238 22.78
1492 2022 12 15 45952.40 571.831801 1814 58.93 6238 22.78
1493 2022 12 15 45952.80 572.231801 1815 58.96 6239 22.79
1494 2022 12 15 45953.20 572.631801 1814 58.93 6238 22.78
1495 2022 12 15 45953.40 573.032428 1814 58.93 6238 22.78
1496 2022 12 15 45953.80 573.432428 1815 58.96 6239 22.79
1497 2022 12 15 45954.20 573.832428 1814 58.93 6238 22.78
1498 2022 12 15 45954.40 574.232747 1815 58.96 6238 22.78
1499 2022 12 15 45954.80 574.632747 1814 58.93 6238 22.78
1500 2022 12 15 45955.20 575.032747 1814 58.93 6238 22.78
1501 2022 12 15 45955.00 575.033344 1814 58.93 6238 22.78
1502 2022 12 15 45955.40 575.433344 1815 58.96 6240 22.80
1503 2022 12 15 45955.80 575.833344 1814 58.94 6239 22.79
1504 2022 12 15 45957.00 576.233966 1815 58.96 6239 22.79
1505 2022 12 15 45957.40 576.633966 1815 58.96 6239 22.79
1506 2022 12 15 45957.80 577.033966 1814 58.93 6239 22.79
1507 2022 12 15 45958.20 577.433966 1814 58.93 6239 22.79
1508 2022 12 15 45958.40 577.834324 1814 58.93 6240 22.80
1509 2022 12 15 45958.80 578.234324 1815 58.97 6238 22.78
1510 2022 12 15 45959.20 578.634324 1814 58.93 6240 22.80
1511 2022 12 15 45959.40 579.034584 1814 58.94 6238 22.78
1512 2022 12 15 45959.80 579.434584 1815 58.96 6239 22.79
1513 2022 12 15 45960.20 579.834584 1814 58.93 6240 22.80
1514 2022 12 15 45960.40 580.234906 1814 58.94 6239 22.79
1515 2022 12 15 45960.80 580.634906 1814 58.93 6240 22.80
1516 2022 12 15 45961.20 581.034906 1815 58.97 6240 22.80
1517 2022 12 15 45961.40 581.435177 1814 58.94 6239 22.79
1518 2022 12 15 45961.80 581.835177 1814 58.93 6240 22.80
1519 2022 12 15 45962.20 582.235177 1814 58.94 6240 22.80
1520 2022 12 15 45963.40 582.635519 1814 58.94 6238 22.78
1521 2022 12 15 45963.80 583.035519 1814 58.93 6239 22.79
1522 2022 12 15 45964.20 583.435519 1814 58.93 6240 22.80
1523 2022 12 15 45964.00 583.435844 1814 58.94 6239 22.79
1524 2022 12 15 45964.40 583.835844 1814 58.93 6239 22.79
1525 2022 12 15 45964.80 584.235844 1815 58.96 6240 22.80
1526 2022 12 15 45965.00 584.636160 1814 58.94 6239 22.79
1527 2022 12 15 45965.40 585.036160 1814 58.93 6240 22.80
1528 2022 12 15 45965.80 585.436160 1815 58.97 6238 22.78
1529 2022 12 15 45966.20 585.836160 1814 58.93 6240 22.80
1530 2022 12 15 45966.40 586.236948 1815 58.97 6239 22.79
1531 2022 12 15 45966.80 586.636948 1814 58.93 6240 22.80
1532 2022 12 15 45967.20 587.036948 1815 58.97 6239 22.79
1533 2022 12 15 45967.40 587.437679 1814 58.93 6239 22.79
1534 2022 12 15 45967.80 587.837679 1815 58.96 6240 22.80
1535 2022 12 15 45968.20 588.237679 1815 58.97 6240 22.80
1536 2022 12 15 45969.40 588.638161 1814 58.94 6239 22.79
1537 2022 12 15 45969.80 589.038161 1814 58.93 6239 22.79
1538 2022 12 15 45970.20 589.438161 1814 58.93 6239 22.79
1539 2022 12 15 45970.40 589.838852 1814 58.93 6239 22.79
1540 2022 12 15 45970.80 590.238852 1815 58.96 6239 22.79
1541 2022 12 15 45971.20 590.638852 1815 58.96 6239 22.79
1542 2022 12 15 45971.40 591.039402 1815 58.96 6239 22.79
1543 2022 12 15 45971.80 591.439402 1814 58.93 6240 22.80
1544 2022 12 15 45972.20 591.839402 1815 58.97 6238 22.78
1545 2022 12 15 45972.00 591.840119 1815 58.96 6239 22.79
1546 2022 12 15 45972.40 592.240119 1814 58.93 6239 22.79
1547 2022 12 15 45972.80 592.640119 1814 58.93 6239 22.79
1548 2022 12 15 45973.00 593.040674 1814 58.93 6239 22.79
1549 2022 12 15 45973.40 593.440674 1815 58.96 6238 22.78
1550 2022 12 15 45973.80 593.840674 1814 58.93 6239 22.79
1551 2022 12 15 45974.20 594.240674 1814 58.93 6240 22.80
1552 2022 12 15 45975.40 594.641313 1815 58.97 6240 22.80
1553 2022 12 15 45975.80 595.041313 1814 58.94 6240 22.80
1554 2022 12 15 45976.20 595.441313 1814 58.94 6239 22.79
1555 2022 12 15 45976.40 595.841940 1814 58.93 6240 22.80
1556 2022 12 15 45976.80 596.241940 1814 58.94 6240 22.80
1557 2022 12 15 45977.20 596.641940 1814 58.94 6240 22.80
1558 2022 12 15 45977.40 597.042242 1815 58.97 6241 22.81
1559 2022 12 15 45977.80 597.442242 1815 58.97 6240 22.80
1560 2022 12 15 45978.20 597.842242 1814 58.94 6240 22.80
1561 2022 12 15 45978.40 598.242680 1814 58.94 6240 22.80
1562 2022 12 15 45978.80 598.642680 1814 58.94 6240 22.80
1563 2022 12 15 45979.20 599.042680 1814 58.94 6241 22.81
1564 2022 12 15 45979.40 599.443100 1814 58.94 6240 22.80
1565 2022 12 15 45979.80 599.843100 1814 58.94 6240 22.80
1566 2022 12 15 45980.20 600.243100 1814 58.94 6241 22.81
