n anno mese giorno hum_int time RH_raw RH_true temp_int temp_corr
0 2022 12 15 40298.00 0.381792 1806 55.17 6232 22.72
1 2022 12 15 40298.40 1.162448 1807 58.71 6231 22.71
2 2022 12 15 40299.40 1.542998 1806 58.68 6232 22.72
3 2022 12 15 40299.40 1.923319 1806 58.68 6231 22.71
4 2022 12 15 40299.40 2.304027 1806 58.68 6232 22.72
5 2022 12 15 40300.40 2.684298 1806 58.68 6232 22.72
6 2022 12 15 40300.40 3.064713 1806 58.68 6232 22.72
7 2022 12 15 40301.40 3.445309 1806 58.68 6232 22.72
8 2022 12 15 40301.40 3.825736 1806 58.68 6232 22.72
9 2022 12 15 40301.40 4.206435 1806 58.68 6233 22.73
10 2022 12 15 40302.40 4.587094 1806 58.68 6231 22.71
11 2022 12 15 40302.40 4.967582 1806 58.68 6231 22.71
12 2022 12 15 40303.40 5.348188 1807 58.71 6232 22.72
13 2022 12 15 40303.40 5.728518 1807 58.71 6230 22.70
14 2022 12 15 40303.40 6.108784 1806 58.67 6230 22.70
15 2022 12 15 40304.40 6.489398 1806 58.67 6230 22.70
16 2022 12 15 40304.40 6.869716 1807 58.70 6231 22.71
17 2022 12 15 40304.40 7.250191 1807 58.71 6230 22.70
18 2022 12 15 40305.40 7.630706 1806 58.67 6231 22.71
19 2022 12 15 40305.40 8.011076 1807 58.71 6231 22.71
20 2022 12 15 40306.40 8.391608 1807 58.71 6230 22.70
21 2022 12 15 40306.40 8.772164 1807 58.70 6231 22.71
22 2022 12 15 40306.40 9.152563 1807 58.71 6230 22.70
23 2022 12 15 40307.00 9.513635 1807 58.70 6230 22.70
24 2022 12 15 40307.00 9.893989 1806 58.67 6232 22.72
25 2022 12 15 40308.00 10.274448 1807 58.71 6231 22.71
26 2022 12 15 40308.40 10.674448 1807 58.71 6231 22.71
27 2022 12 15 40309.00 11.035222 1807 58.71 6231 22.71
28 2022 12 15 40309.00 11.415811 1807 58.71 6231 22.71
29 2022 12 15 40309.00 11.796094 1807 58.71 6232 22.72
30 2022 12 15 40310.00 12.176359 1807 58.71 6231 22.71
31 2022 12 15 40310.00 12.557025 1807 58.71 6231 22.71
32 2022 12 15 40311.00 12.937290 1807 58.71 6230 22.70
33 2022 12 15 40311.00 13.317820 1807 58.70 6231 22.71
34 2022 12 15 40311.00 13.698348 1807 58.71 6230 22.70
35 2022 12 15 40312.00 14.079030 1807 58.70 6232 22.72
36 2022 12 15 40312.00 14.459536 1807 58.71 6231 22.71
37 2022 12 15 40312.00 14.840076 1807 58.71 6232 22.72
38 2022 12 15 40313.00 15.220634 1807 58.71 6230 22.70
39 2022 12 15 40313.00 15.600942 1807 58.70 6231 22.71
40 2022 12 15 40314.00 15.981247 1807 58.71 6232 22.72
41 2022 12 15 40314.00 16.361778 1807 58.71 6232 22.72
42 2022 12 15 40314.00 16.742150 1807 58.71 6231 22.71
43 2022 12 15 40315.00 17.122484 1807 58.71 6231 22.71
44 2022 12 15 40315.00 17.503109 1807 58.71 6231 22.71
45 2022 12 15 40315.00 17.883663 1807 58.71 6231 22.71
46 2022 12 15 40316.00 18.264164 1807 58.71 6231 22.71
47 2022 12 15 40316.00 18.644373 1807 58.71 6231 22.71
48 2022 12 15 40317.00 19.024696 1806 58.68 6232 22.72
49 2022 12 15 40317.00 19.404907 1807 58.71 6232 22.72
50 2022 12 15 40317.00 19.785135 1807 58.71 6232 22.72
51 2022 12 15 40318.00 20.165539 1807 58.71 6231 22.71
52 2022 12 15 40318.00 20.545914 1807 58.71 6230 22.70
53 2022 12 15 40318.00 20.926459 1807 58.70 6231 22.71
54 2022 12 15 40319.00 21.306673 1806 58.68 6231 22.71
55 2022 12 15 40319.00 21.686960 1807 58.71 6231 22.71
56 2022 12 15 40320.00 22.067181 1807 58.71 6230 22.70
57 2022 12 15 40320.00 22.447359 1807 58.70 6230 22.70
58 2022 12 15 40320.00 22.827567 1807 58.70 6232 22.72
59 2022 12 15 40321.00 23.207770 1807 58.71 6232 22.72
60 2022 12 15 40321.00 23.588028 1807 58.71 6232 22.72
61 2022 12 15 40322.00 23.968243 1807 58.71 6231 22.71
62 2022 12 15 40322.00 24.348473 1806 58.68 6232 22.72
63 2022 12 15 40322.00 24.728701 1806 58.68 6231 22.71
64 2022 12 15 40323.00 25.108928 1806 58.68 6231 22.71
65 2022 12 15 40323.00 25.489133 1806 58.68 6231 22.71
66 2022 12 15 40323.00 25.869350 1806 58.68 6230 22.70
67 2022 12 15 40324.00 26.249570 1807 58.70 6231 22.71
68 2022 12 15 40324.00 26.629782 1806 58.68 6231 22.71
69 2022 12 15 40325.00 27.009993 1806 58.68 6232 22.72
70 2022 12 15 40325.00 27.390641 1807 58.71 6232 22.72
71 2022 12 15 40325.00 27.771161 1806 58.68 6232 22.72
72 2022 12 15 40326.00 28.151742 1806 58.68 6230 22.70
73 2022 12 15 40326.00 28.532205 1806 58.67 6231 22.71
74 2022 12 15 40326.00 28.912597 1806 58.68 6231 22.71
75 2022 12 15 40327.00 29.293225 1807 58.71 6232 22.72
76 2022 12 15 40327.00 29.673891 1806 58.68 6230 22.70
77 2022 12 15 40328.00 30.054339 1807 58.70 6230 22.70
78 2022 12 15 40328.00 30.434822 1806 58.67 6231 22.71
79 2022 12 15 40328.00 30.815317 1806 58.68 6231 22.71
80 2022 12 15 40329.00 31.195523 1806 58.68 6231 22.71
81 2022 12 15 40329.00 31.576061 1806 58.68 6231 22.71
82 2022 12 15 40330.00 31.956508 1807 58.71 6231 22.71
83 2022 12 15 40330.00 32.336848 1806 58.68 6231 22.71
84 2022 12 15 40330.00 32.717076 1807 58.71 6232 22.72
85 2022 12 15 40331.40 33.497548 1806 58.68 6232 22.72
86 2022 12 15 40331.40 33.878017 1806 58.68 6231 22.71
87 2022 12 15 40331.40 34.258499 1807 58.71 6230 22.70
88 2022 12 15 40332.00 34.239056 1807 58.70 6231 22.71
89 2022 12 15 40332.40 35.019543 1806 58.68 6231 22.71
90 2022 12 15 40333.40 35.400035 1807 58.71 6232 22.72
91 2022 12 15 40333.40 35.780474 1806 58.68 6231 22.71
92 2022 12 15 40333.40 36.160668 1806 58.68 6232 22.72
93 2022 12 15 40334.40 36.541080 1806 58.68 6232 22.72
94 2022 12 15 40334.40 36.921312 1807 58.71 6232 22.72
95 2022 12 15 40334.40 37.301462 1806 58.68 6232 22.72
96 2022 12 15 40335.40 37.681868 1806 58.68 6232 22.72
97 2022 12 15 40335.40 38.062297 1806 58.68 6231 22.71
98 2022 12 15 40336.40 38.442744 1806 58.68 6232 22.72
99 2022 12 15 40336.40 38.823298 1806 58.68 6232 22.72
100 2022 12 15 40336.40 39.203696 1806 58.68 6232 22.72
101 2022 12 15 40337.40 39.583891 1806 58.68 6233 22.73
102 2022 12 15 40337.40 39.964115 1806 58.68 6233 22.73
103 2022 12 15 40338.40 40.344674 1806 58.68 6231 22.71
104 2022 12 15 40338.40 40.725178 1806 58.68 6232 22.72
105 2022 12 15 40338.40 41.105561 1806 58.68 6232 22.72
106 2022 12 15 40339.40 41.485800 1806 58.68 6232 22.72
107 2022 12 15 40339.40 41.866313 1806 58.68 6232 22.72
108 2022 12 15 40339.40 42.246839 1806 58.68 6232 22.72
109 2022 12 15 40340.40 42.627327 1806 58.68 6232 22.72
110 2022 12 15 40340.40 43.007534 1806 58.68 6232 22.72
111 2022 12 15 40341.40 43.388072 1806 58.68 6232 22.72
112 2022 12 15 40341.40 43.768553 1806 58.68 6232 22.72
113 2022 12 15 40341.40 44.148953 1806 58.68 6232 22.72
114 2022 12 15 40342.40 44.529406 1806 58.68 6232 22.72
115 2022 12 15 40342.40 44.910021 1806 58.68 6232 22.72
116 2022 12 15 40342.40 45.290642 1806 58.68 6233 22.73
117 2022 12 15 40343.40 45.671035 1806 58.68 6231 22.71
118 2022 12 15 40343.40 46.051289 1806 58.68 6233 22.73
119 2022 12 15 40344.40 46.431569 1806 58.68 6232 22.72
120 2022 12 15 40344.40 46.811782 1806 58.68 6233 22.73
121 2022 12 15 40344.40 47.192217 1805 58.65 6233 22.73
122 2022 12 15 40345.40 47.572744 1806 58.68 6233 22.73
123 2022 12 15 40345.40 47.953190 1806 58.68 6233 22.73
124 2022 12 15 40346.40 48.333811 1806 58.68 6232 22.72
125 2022 12 15 40346.40 48.714298 1806 58.68 6232 22.72
126 2022 12 15 40346.40 49.094545 1806 58.68 6232 22.72
127 2022 12 15 40347.40 49.475019 1806 58.68 6232 22.72
128 2022 12 15 40347.40 49.855222 1806 58.68 6232 22.72
129 2022 12 15 40347.40 50.235538 1806 58.68 6234 22.74
130 2022 12 15 40348.40 50.616028 1806 58.68 6234 22.74
131 2022 12 15 40348.40 50.996536 1805 58.65 6233 22.73
132 2022 12 15 40349.40 51.376959 1806 58.68 6234 22.74
133 2022 12 15 40349.40 51.757378 1806 58.68 6233 22.73
134 2022 12 15 40349.40 52.137816 1805 58.65 6233 22.73
135 2022 12 15 40350.40 52.518246 1806 58.68 6233 22.73
136 2022 12 15 40350.40 52.898727 1806 58.68 6233 22.73
137 2022 12 15 40350.40 53.278962 1806 58.68 6233 22.73
138 2022 12 15 40351.40 53.659187 1806 58.68 6233 22.73
139 2022 12 15 40351.40 54.039751 1805 58.65 6233 22.73
140 2022 12 15 40352.40 54.420072 1806 58.68 6232 22.72
141 2022 12 15 40352.40 54.800428 1806 58.68 6233 22.73
142 2022 12 15 40352.40 55.180787 1806 58.68 6233 22.73
143 2022 12 15 40353.40 55.561081 1806 58.68 6233 22.73
144 2022 12 15 40353.40 55.941334 1806 58.68 6233 22.73
145 2022 12 15 40353.40 56.321748 1806 58.68 6234 22.74
146 2022 12 15 40354.40 56.702053 1806 58.68 6234 22.74
147 2022 12 15 40354.40 57.082649 1806 58.68 6234 22.74
148 2022 12 15 40355.40 57.462959 1805 58.65 6234 22.74
149 2022 12 15 40355.40 57.843492 1806 58.68 6235 22.75
150 2022 12 15 40355.40 58.223825 1805 58.65 6234 22.74
151 2022 12 15 40356.40 58.604017 1805 58.65 6233 22.73
152 2022 12 15 40356.40 58.984210 1806 58.68 6234 22.74
153 2022 12 15 40357.40 59.364415 1805 58.65 6233 22.73
154 2022 12 15 40357.40 59.744623 1805 58.65 6234 22.74
155 2022 12 15 40357.40 60.124840 1805 58.65 6234 22.74
156 2022 12 15 40358.40 60.505055 1805 58.65 6234 22.74
157 2022 12 15 40358.40 60.885285 1806 58.68 6233 22.73
158 2022 12 15 40358.40 61.265504 1805 58.65 6232 22.72
159 2022 12 15 40359.40 61.645727 1805 58.65 6233 22.73
160 2022 12 15 40359.40 62.025953 1805 58.65 6234 22.74
161 2022 12 15 40360.40 62.406157 1805 58.65 6234 22.74
162 2022 12 15 40360.40 62.786397 1805 58.65 6232 22.72
163 2022 12 15 40360.40 63.166638 1805 58.65 6233 22.73
164 2022 12 15 40361.40 63.547247 1805 58.65 6234 22.74
165 2022 12 15 40361.40 63.927844 1805 58.65 6234 22.74
166 2022 12 15 40361.40 64.308087 1804 58.62 6234 22.74
167 2022 12 15 40362.40 64.688576 1805 58.65 6234 22.74
168 2022 12 15 40362.40 65.069112 1805 58.65 6234 22.74
169 2022 12 15 40363.40 65.449645 1804 58.62 6234 22.74
170 2022 12 15 40363.40 65.830181 1804 58.62 6234 22.74
171 2022 12 15 40363.40 66.210633 1804 58.62 6234 22.74
172 2022 12 15 40364.40 66.590996 1805 58.65 6234 22.74
173 2022 12 15 40364.40 66.971280 1805 58.65 6234 22.74
174 2022 12 15 40365.40 67.351453 1805 58.65 6234 22.74
175 2022 12 15 40365.40 67.731966 1804 58.62 6234 22.74
176 2022 12 15 40365.40 68.112350 1805 58.65 6234 22.74
177 2022 12 15 40366.40 68.492972 1805 58.65 6234 22.74
178 2022 12 15 40366.40 68.873491 1804 58.62 6234 22.74
179 2022 12 15 40366.40 69.253751 1804 58.62 6233 22.73
180 2022 12 15 40367.40 69.633983 1804 58.62 6234 22.74
181 2022 12 15 40367.40 70.014361 1804 58.62 6234 22.74
182 2022 12 15 40368.40 70.394903 1804 58.62 6233 22.73
183 2022 12 15 40368.40 70.775331 1804 58.62 6233 22.73
184 2022 12 15 40368.40 71.155778 1804 58.62 6234 22.74
185 2022 12 15 40369.40 71.536135 1804 58.62 6233 22.73
186 2022 12 15 40369.40 71.916633 1804 58.62 6233 22.73
187 2022 12 15 40369.40 72.296877 1805 58.65 6234 22.74
188 2022 12 15 40370.40 72.677166 1804 58.62 6232 22.72
189 2022 12 15 40370.40 73.057389 1804 58.62 6234 22.74
190 2022 12 15 40371.40 73.437931 1805 58.65 6233 22.73
191 2022 12 15 40371.40 73.818156 1804 58.62 6232 22.72
192 2022 12 15 40371.40 74.198530 1805 58.65 6232 22.72
193 2022 12 15 40372.40 74.579034 1804 58.62 6233 22.73
194 2022 12 15 40372.40 74.959362 1805 58.65 6233 22.73
195 2022 12 15 40373.40 75.339502 1805 58.65 6232 22.72
196 2022 12 15 40373.40 75.719780 1805 58.65 6234 22.74
197 2022 12 15 40373.40 76.100098 1805 58.65 6234 22.74
198 2022 12 15 40374.40 76.480537 1805 58.65 6233 22.73
199 2022 12 15 40374.40 76.861084 1805 58.65 6232 22.72
200 2022 12 15 40374.40 77.241676 1805 58.65 6232 22.72
201 2022 12 15 40375.40 77.622069 1806 58.68 6234 22.74
202 2022 12 15 40375.40 78.002232 1805 58.65 6233 22.73
203 2022 12 15 40376.40 78.382534 1805 58.65 6233 22.73
204 2022 12 15 40376.40 78.762723 1805 58.65 6233 22.73
205 2022 12 15 40376.40 79.143060 1806 58.68 6233 22.73
206 2022 12 15 40377.40 79.523549 1805 58.65 6234 22.74
207 2022 12 15 40377.40 79.903960 1806 58.68 6233 22.73
208 2022 12 15 40377.40 80.284564 1806 58.68 6233 22.73
209 2022 12 15 40378.40 80.664808 1806 58.68 6233 22.73
210 2022 12 15 40378.40 81.045277 1806 58.68 6234 22.74
211 2022 12 15 40379.40 81.425756 1806 58.68 6232 22.72
212 2022 12 15 40379.40 81.805956 1806 58.68 6233 22.73
213 2022 12 15 40379.40 82.186178 1806 58.68 6233 22.73
214 2022 12 15 40380.40 82.566399 1806 58.68 6232 22.72
215 2022 12 15 40380.40 82.946612 1806 58.68 6232 22.72
216 2022 12 15 40380.40 83.326830 1806 58.68 6232 22.72
217 2022 12 15 40381.40 83.707036 1806 58.68 6232 22.72
218 2022 12 15 40381.40 84.087251 1806 58.68 6233 22.73
219 2022 12 15 40382.40 84.467487 1806 58.68 6232 22.72
220 2022 12 15 40382.40 84.847703 1806 58.68 6231 22.71
221 2022 12 15 40382.40 85.227926 1806 58.68 6232 22.72
222 2022 12 15 40383.40 85.608143 1806 58.68 6233 22.73
223 2022 12 15 40383.40 85.988430 1806 58.68 6231 22.71
224 2022 12 15 40384.40 86.368643 1806 58.68 6232 22.72
225 2022 12 15 40384.40 86.748863 1806 58.68 6232 22.72
226 2022 12 15 40384.40 87.129071 1806 58.68 6232 22.72
227 2022 12 15 40385.40 87.509294 1806 58.68 6232 22.72
228 2022 12 15 40385.40 87.889797 1806 58.68 6233 22.73
229 2022 12 15 40385.40 88.270141 1806 58.68 6232 22.72
230 2022 12 15 40386.40 88.650649 1806 58.68 6231 22.71
231 2022 12 15 40386.40 89.030908 1807 58.71 6232 22.72
232 2022 12 15 40387.40 89.411426 1806 58.68 6232 22.72
233 2022 12 15 40387.40 89.791599 1806 58.68 6232 22.72
234 2022 12 15 40388.00 90.152387 1807 58.71 6232 22.72
235 2022 12 15 40388.00 90.532839 1807 58.71 6232 22.72
236 2022 12 15 40388.40 90.932839 1807 58.71 6232 22.72
237 2022 12 15 40388.40 91.313302 1807 58.71 6232 22.72
238 2022 12 15 40389.00 91.674010 1807 58.71 6231 22.71
239 2022 12 15 40390.00 92.054500 1807 58.71 6232 22.72
240 2022 12 15 40390.00 92.435005 1807 58.71 6232 22.72
241 2022 12 15 40390.00 92.815406 1807 58.71 6232 22.72
242 2022 12 15 40391.00 93.195615 1807 58.71 6232 22.72
243 2022 12 15 40391.00 93.576138 1807 58.71 6230 22.70
244 2022 12 15 40392.00 93.956591 1807 58.70 6232 22.72
245 2022 12 15 40392.00 94.336997 1808 58.74 6230 22.70
246 2022 12 15 40392.00 94.717604 1808 58.74 6231 22.71
247 2022 12 15 40393.00 95.097845 1808 58.74 6230 22.70
248 2022 12 15 40393.00 95.478379 1807 58.70 6231 22.71
249 2022 12 15 40393.00 95.858869 1807 58.71 6230 22.70
250 2022 12 15 40394.00 96.239278 1808 58.74 6228 22.68
251 2022 12 15 40394.00 96.619746 1808 58.73 6229 22.69
252 2022 12 15 40395.00 97.000275 1808 58.73 6230 22.70
253 2022 12 15 40395.00 97.380702 1808 58.74 6230 22.70
254 2022 12 15 40395.00 97.761116 1808 58.74 6229 22.69
255 2022 12 15 40396.00 98.141535 1808 58.73 6230 22.70
256 2022 12 15 40396.00 98.521990 1808 58.74 6231 22.71
257 2022 12 15 40396.00 98.902364 1808 58.74 6229 22.69
258 2022 12 15 40397.00 99.282803 1808 58.73 6230 22.70
259 2022 12 15 40397.00 99.663147 1808 58.74 6230 22.70
260 2022 12 15 40398.00 100.043594 1808 58.74 6230 22.70
261 2022 12 15 40398.00 100.423822 1808 58.74 6230 22.70
262 2022 12 15 40398.00 100.804331 1808 58.74 6230 22.70
263 2022 12 15 40399.00 101.184484 1808 58.74 6230 22.70
264 2022 12 15 40399.00 101.564726 1808 58.74 6231 22.71
265 2022 12 15 40400.00 101.945320 1808 58.74 6230 22.70
266 2022 12 15 40400.00 102.325478 1809 58.77 6230 22.70
267 2022 12 15 40400.00 102.705902 1808 58.74 6230 22.70
268 2022 12 15 40401.00 103.086175 1808 58.74 6229 22.69
269 2022 12 15 40401.00 103.466593 1808 58.73 6230 22.70
270 2022 12 15 40401.00 103.847097 1808 58.74 6230 22.70
271 2022 12 15 40402.00 104.227540 1809 58.77 6230 22.70
272 2022 12 15 40402.00 104.607826 1809 58.77 6230 22.70
273 2022 12 15 40403.00 104.988352 1809 58.77 6230 22.70
274 2022 12 15 40403.00 105.368944 1808 58.74 6231 22.71
275 2022 12 15 40403.00 105.749175 1808 58.74 6230 22.70
276 2022 12 15 40404.00 106.129369 1808 58.74 6230 22.70
277 2022 12 15 40404.00 106.509500 1809 58.77 6230 22.70
278 2022 12 15 40404.00 106.889862 1809 58.77 6230 22.70
279 2022 12 15 40405.00 107.270091 1809 58.77 6230 22.70
280 2022 12 15 40405.00 107.650486 1809 58.77 6230 22.70
281 2022 12 15 40406.00 108.030866 1809 58.77 6230 22.70
282 2022 12 15 40406.00 108.411340 1808 58.74 6229 22.69
283 2022 12 15 40406.00 108.791860 1809 58.76 6230 22.70
284 2022 12 15 40407.00 109.172105 1809 58.77 6229 22.69
285 2022 12 15 40407.00 109.552570 1809 58.76 6230 22.70
286 2022 12 15 40408.00 109.933178 1809 58.77 6230 22.70
287 2022 12 15 40408.00 110.313695 1809 58.77 6229 22.69
288 2022 12 15 40408.00 110.693875 1809 58.76 6229 22.69
289 2022 12 15 40409.00 111.074330 1809 58.76 6230 22.70
290 2022 12 15 40409.00 111.454720 1810 58.80 6229 22.69
291 2022 12 15 40409.00 111.834946 1809 58.76 6228 22.68
292 2022 12 15 40410.00 112.215169 1809 58.76 6230 22.70
293 2022 12 15 40410.00 112.595566 1809 58.77 6229 22.69
294 2022 12 15 40411.00 112.975972 1809 58.76 6228 22.68
295 2022 12 15 40411.00 113.356492 1810 58.79 6230 22.70
296 2022 12 15 40411.40 114.137084 1810 58.80 6230 22.70
297 2022 12 15 40412.40 114.517519 1810 58.80 6230 22.70
298 2022 12 15 40412.40 114.897668 1809 58.77 6230 22.70
299 2022 12 15 40412.00 114.877873 1810 58.80 6229 22.69
300 2022 12 15 40413.00 115.258066 1809 58.76 6230 22.70
301 2022 12 15 40413.40 116.038447 1809 58.77 6229 22.69
302 2022 12 15 40414.40 116.418882 1809 58.76 6230 22.70
303 2022 12 15 40414.40 116.799108 1809 58.77 6230 22.70
304 2022 12 15 40414.40 117.179650 1809 58.77 6230 22.70
305 2022 12 15 40415.40 117.560016 1809 58.77 6229 22.69
306 2022 12 15 40415.40 117.940536 1809 58.76 6230 22.70
307 2022 12 15 40415.40 118.321011 1809 58.77 6230 22.70
308 2022 12 15 40416.40 118.701209 1810 58.80 6230 22.70
309 2022 12 15 40416.40 119.081652 1809 58.77 6230 22.70
310 2022 12 15 40417.40 119.462137 1809 58.77 6230 22.70
311 2022 12 15 40417.40 119.842584 1809 58.77 6230 22.70
312 2022 12 15 40417.40 120.222830 1809 58.77 6230 22.70
313 2022 12 15 40418.40 120.603376 1809 58.77 6230 22.70
314 2022 12 15 40418.40 120.983539 1809 58.77 6229 22.69
315 2022 12 15 40419.40 121.363913 1809 58.76 6229 22.69
316 2022 12 15 40419.40 121.744099 1809 58.76 6230 22.70
317 2022 12 15 40419.40 122.124517 1808 58.74 6230 22.70
318 2022 12 15 40420.40 122.505119 1809 58.77 6229 22.69
319 2022 12 15 40420.40 122.885567 1809 58.76 6230 22.70
320 2022 12 15 40420.40 123.266067 1809 58.77 6229 22.69
321 2022 12 15 40421.40 123.646450 1809 58.76 6230 22.70
322 2022 12 15 40421.40 124.026976 1808 58.74 6229 22.69
323 2022 12 15 40422.40 124.407568 1808 58.73 6230 22.70
324 2022 12 15 40422.40 124.787805 1809 58.77 6230 22.70
325 2022 12 15 40422.40 125.168001 1809 58.77 6231 22.71
326 2022 12 15 40423.40 125.548377 1809 58.77 6230 22.70
327 2022 12 15 40423.40 125.928970 1809 58.77 6230 22.70
328 2022 12 15 40423.40 126.309229 1809 58.77 6230 22.70
329 2022 12 15 40424.40 126.689813 1809 58.77 6229 22.69
330 2022 12 15 40424.40 127.070179 1809 58.76 6230 22.70
331 2022 12 15 40425.40 127.450732 1809 58.77 6230 22.70
332 2022 12 15 40425.40 127.831254 1809 58.77 6230 22.70
333 2022 12 15 40425.40 128.211455 1808 58.74 6230 22.70
334 2022 12 15 40426.40 128.591905 1809 58.77 6229 22.69
335 2022 12 15 40426.40 128.972166 1809 58.76 6229 22.69
336 2022 12 15 40427.40 129.352759 1809 58.76 6230 22.70
337 2022 12 15 40427.40 129.733215 1809 58.77 6230 22.70
338 2022 12 15 40427.40 130.113733 1808 58.74 6230 22.70
339 2022 12 15 40428.40 130.494097 1809 58.77 6230 22.70
340 2022 12 15 40428.40 130.874343 1808 58.74 6230 22.70
341 2022 12 15 40428.40 131.254848 1808 58.74 6230 22.70
342 2022 12 15 40429.40 131.635073 1808 58.74 6231 22.71
343 2022 12 15 40429.40 132.015522 1809 58.77 6230 22.70
344 2022 12 15 40430.40 132.396131 1808 58.74 6231 22.71
345 2022 12 15 40430.40 132.776730 1809 58.77 6231 22.71
346 2022 12 15 40430.40 133.156955 1809 58.77 6230 22.70
347 2022 12 15 40431.40 133.537450 1808 58.74 6230 22.70
348 2022 12 15 40431.40 133.917647 1809 58.77 6230 22.70
349 2022 12 15 40431.40 134.297822 1808 58.74 6230 22.70
350 2022 12 15 40432.40 134.677998 1809 58.77 6230 22.70
351 2022 12 15 40432.40 135.058185 1809 58.77 6230 22.70
352 2022 12 15 40433.40 135.438386 1809 58.77 6231 22.71
353 2022 12 15 40433.40 135.818584 1808 58.74 6230 22.70
354 2022 12 15 40433.40 136.198807 1808 58.74 6229 22.69
355 2022 12 15 40434.40 136.579021 1809 58.76 6230 22.70
356 2022 12 15 40434.40 136.959236 1809 58.77 6230 22.70
357 2022 12 15 40435.40 137.339406 1809 58.77 6230 22.70
358 2022 12 15 40435.40 137.719620 1808 58.74 6231 22.71
359 2022 12 15 40435.40 138.099827 1809 58.77 6230 22.70
360 2022 12 15 40436.40 138.480169 1809 58.77 6231 22.71
361 2022 12 15 40436.40 138.860438 1809 58.77 6229 22.69
362 2022 12 15 40436.40 139.240842 1808 58.73 6230 22.70
363 2022 12 15 40437.40 139.621417 1809 58.77 6230 22.70
364 2022 12 15 40437.40 140.001970 1808 58.74 6230 22.70
365 2022 12 15 40438.40 140.382408 1809 58.77 6230 22.70
366 2022 12 15 40438.40 140.763030 1809 58.77 6229 22.69
367 2022 12 15 40438.40 141.143613 1809 58.76 6229 22.69
368 2022 12 15 40439.40 141.524164 1809 58.76 6229 22.69
369 2022 12 15 40439.40 141.904605 1809 58.76 6230 22.70
370 2022 12 15 40439.40 142.285022 1809 58.77 6230 22.70
371 2022 12 15 40440.40 142.665253 1808 58.74 6230 22.70
372 2022 12 15 40440.40 143.045472 1809 58.77 6230 22.70
373 2022 12 15 40441.40 143.425685 1809 58.77 6230 22.70
374 2022 12 15 40441.40 143.805894 1809 58.77 6230 22.70
375 2022 12 15 40441.40 144.186109 1809 58.77 6230 22.70
376 2022 12 15 40442.40 144.566262 1810 58.80 6230 22.70
377 2022 12 15 40442.40 144.946431 1809 58.77 6230 22.70
378 2022 12 15 40442.40 145.326662 1810 58.80 6230 22.70
379 2022 12 15 40443.40 145.706884 1809 58.77 6231 22.71
380 2022 12 15 40443.40 146.087105 1810 58.80 6230 22.70
381 2022 12 15 40444.40 146.467325 1810 58.80 6230 22.70
382 2022 12 15 40444.40 146.847533 1810 58.80 6232 22.72
383 2022 12 15 40444.40 147.227754 1810 58.80 6232 22.72
384 2022 12 15 40445.40 147.607968 1810 58.80 6231 22.71
385 2022 12 15 40445.40 147.988551 1810 58.80 6231 22.71
386 2022 12 15 40446.40 148.368816 1810 58.80 6231 22.71
387 2022 12 15 40446.40 148.749053 1810 58.80 6231 22.71
388 2022 12 15 40446.40 149.129466 1810 58.80 6232 22.72
389 2022 12 15 40447.40 149.509983 1810 58.80 6232 22.72
390 2022 12 15 40447.40 149.890437 1810 58.80 6231 22.71
391 2022 12 15 40447.40 150.270844 1810 58.80 6232 22.72
392 2022 12 15 40448.40 150.651467 1810 58.80 6232 22.72
393 2022 12 15 40448.40 151.031930 1810 58.80 6232 22.72
394 2022 12 15 40449.40 151.412411 1810 58.80 6232 22.72
395 2022 12 15 40449.40 151.792574 1810 58.80 6233 22.73
396 2022 12 15 40449.40 152.172809 1810 58.80 6234 22.74
397 2022 12 15 40450.40 152.553414 1809 58.77 6233 22.73
398 2022 12 15 40450.40 152.933913 1810 58.80 6233 22.73
399 2022 12 15 40450.40 153.314141 1810 58.80 6233 22.73
400 2022 12 15 40451.40 153.694534 1809 58.77 6233 22.73
401 2022 12 15 40451.40 154.075148 1809 58.77 6233 22.73
402 2022 12 15 40452.40 154.455751 1809 58.77 6233 22.73
403 2022 12 15 40452.40 154.836113 1809 58.77 6233 22.73
404 2022 12 15 40452.40 155.216528 1809 58.77 6232 22.72
405 2022 12 15 40453.40 155.596761 1809 58.77 6232 22.72
406 2022 12 15 40453.40 155.977376 1809 58.77 6233 22.73
407 2022 12 15 40454.40 156.357957 1809 58.77 6234 22.74
408 2022 12 15 40454.40 156.738469 1809 58.77 6233 22.73
409 2022 12 15 40454.40 157.118870 1808 58.74 6233 22.73
410 2022 12 15 40455.40 157.499164 1808 58.74 6233 22.73
411 2022 12 15 40455.40 157.879739 1808 58.74 6234 22.74
412 2022 12 15 40455.40 158.260247 1808 58.74 6233 22.73
413 2022 12 15 40456.40 158.640464 1808 58.74 6234 22.74
414 2022 12 15 40456.40 159.020688 1808 58.74 6234 22.74
415 2022 12 15 40457.40 159.401162 1809 58.77 6233 22.73
416 2022 12 15 40457.40 159.781562 1809 58.77 6233 22.73
417 2022 12 15 40457.40 160.162001 1808 58.74 6232 22.72
418 2022 12 15 40458.40 160.542163 1808 58.74 6232 22.72
419 2022 12 15 40458.40 160.922377 1808 58.74 6233 22.73
420 2022 12 15 40458.40 161.302958 1808 58.74 6233 22.73
421 2022 12 15 40459.40 161.683393 1808 58.74 6233 22.73
422 2022 12 15 40459.40 162.063601 1808 58.74 6234 22.74
423 2022 12 15 40460.40 162.444211 1808 58.74 6233 22.73
424 2022 12 15 40460.40 162.824837 1809 58.77 6231 22.71
425 2022 12 15 40460.40 163.205066 1808 58.74 6232 22.72
426 2022 12 15 40461.40 163.585599 1809 58.77 6234 22.74
427 2022 12 15 40461.40 163.966001 1808 58.74 6233 22.73
428 2022 12 15 40462.40 164.346587 1808 58.74 6233 22.73
429 2022 12 15 40462.40 164.727139 1808 58.74 6232 22.72
430 2022 12 15 40462.40 165.107414 1809 58.77 6232 22.72
431 2022 12 15 40463.40 165.487911 1809 58.77 6232 22.72
432 2022 12 15 40463.40 165.868149 1809 58.77 6232 22.72
433 2022 12 15 40463.40 166.248590 1809 58.77 6233 22.73
434 2022 12 15 40464.40 166.628863 1809 58.77 6232 22.72
435 2022 12 15 40464.40 167.009102 1809 58.77 6232 22.72
436 2022 12 15 40465.40 167.389462 1809 58.77 6234 22.74
437 2022 12 15 40465.40 167.769934 1809 58.77 6232 22.72
438 2022 12 15 40465.40 168.150145 1809 58.77 6233 22.73
439 2022 12 15 40466.40 168.530638 1809 58.77 6232 22.72
440 2022 12 15 40466.40 168.910871 1809 58.77 6232 22.72
441 2022 12 15 40466.40 169.291403 1809 58.77 6233 22.73
442 2022 12 15 40467.40 169.671959 1809 58.77 6233 22.73
443 2022 12 15 40467.40 170.052517 1809 58.77 6233 22.73
444 2022 12 15 40468.40 170.433007 1809 58.77 6232 22.72
445 2022 12 15 40468.40 170.813369 1808 58.74 6232 22.72
446 2022 12 15 40468.40 171.193890 1809 58.77 6233 22.73
447 2022 12 15 40469.40 171.574370 1809 58.77 6232 22.72
448 2022 12 15 40469.40 171.954803 1808 58.74 6233 22.73
449 2022 12 15 40470.40 172.335221 1809 58.77 6233 22.73
450 2022 12 15 40470.00 172.695834 1808 58.74 6233 22.73
451 2022 12 15 40471.00 173.076310 1808 58.74 6233 22.73
452 2022 12 15 40471.00 173.456801 1809 58.77 6233 22.73
453 2022 12 15 40471.00 173.837150 1808 58.74 6233 22.73
454 2022 12 15 40472.00 174.217637 1808 58.74 6234 22.74
455 2022 12 15 40472.00 174.597960 1808 58.74 6233 22.73
456 2022 12 15 40473.00 174.978490 1809 58.77 6232 22.72
457 2022 12 15 40473.00 175.358947 1808 58.74 6234 22.74
458 2022 12 15 40473.00 175.739569 1808 58.74 6232 22.72
459 2022 12 15 40474.00 176.119804 1808 58.74 6232 22.72
460 2022 12 15 40474.00 176.500338 1808 58.74 6232 22.72
461 2022 12 15 40474.00 176.880775 1808 58.74 6232 22.72
462 2022 12 15 40475.00 177.261170 1808 58.74 6234 22.74
463 2022 12 15 40475.00 177.641619 1808 58.74 6232 22.72
464 2022 12 15 40476.00 178.022165 1809 58.77 6232 22.72
465 2022 12 15 40476.00 178.402423 1808 58.74 6233 22.73
466 2022 12 15 40476.00 178.782883 1808 58.74 6232 22.72
467 2022 12 15 40477.00 179.163476 1808 58.74 6232 22.72
468 2022 12 15 40477.00 179.544023 1808 58.74 6232 22.72
469 2022 12 15 40477.00 179.924596 1809 58.77 6233 22.73
470 2022 12 15 40478.00 180.304836 1808 58.74 6233 22.73
471 2022 12 15 40478.00 180.685230 1808 58.74 6232 22.72
472 2022 12 15 40479.00 181.065408 1808 58.74 6232 22.72
473 2022 12 15 40479.00 181.445613 1808 58.74 6232 22.72
474 2022 12 15 40479.00 181.826067 1808 58.74 6232 22.72
475 2022 12 15 40480.00 182.206472 1808 58.74 6232 22.72
476 2022 12 15 40480.00 182.587080 1808 58.74 6232 22.72
477 2022 12 15 40481.00 182.967576 1808 58.74 6233 22.73
478 2022 12 15 40481.00 183.348024 1808 58.74 6232 22.72
479 2022 12 15 40481.00 183.728227 1808 58.74 6233 22.73
480 2022 12 15 40482.00 184.108539 1808 58.74 6232 22.72
481 2022 12 15 40482.00 184.489089 1808 58.74 6233 22.73
482 2022 12 15 40482.00 184.869319 1808 58.74 6233 22.73
483 2022 12 15 40483.00 185.249837 1808 58.74 6232 22.72
484 2022 12 15 40483.00 185.630227 1808 58.74 6232 22.72
485 2022 12 15 40484.00 186.010819 1808 58.74 6231 22.71
486 2022 12 15 40484.00 186.391424 1808 58.74 6232 22.72
487 2022 12 15 40484.00 186.771821 1808 58.74 6230 22.70
488 2022 12 15 40485.00 187.152127 1808 58.74 6232 22.72
489 2022 12 15 40485.00 187.532456 1808 58.74 6232 22.72
490 2022 12 15 40485.00 187.912707 1808 58.74 6232 22.72
491 2022 12 15 40486.00 188.293152 1808 58.74 6232 22.72
492 2022 12 15 40486.00 188.673657 1808 58.74 6232 22.72
493 2022 12 15 40487.00 189.054099 1808 58.74 6232 22.72
494 2022 12 15 40487.00 189.434641 1807 58.71 6233 22.73
495 2022 12 15 40487.00 189.815056 1808 58.74 6233 22.73
496 2022 12 15 40488.00 190.195594 1807 58.71 6232 22.72
497 2022 12 15 40488.00 190.576085 1808 58.74 6232 22.72
498 2022 12 15 40489.00 190.956361 1808 58.74 6232 22.72
499 2022 12 15 40489.00 191.336978 1808 58.74 6232 22.72
500 2022 12 15 40489.00 191.717482 1808 58.74 6232 22.72
501 2022 12 15 40490.00 192.098018 1808 58.74 6232 22.72
502 2022 12 15 40490.00 192.478269 1808 58.74 6232 22.72
503 2022 12 15 40490.00 192.858438 1807 58.71 6231 22.71
504 2022 12 15 40491.00 193.238794 1807 58.71 6232 22.72
505 2022 12 15 40491.00 193.619213 1807 58.71 6232 22.72
506 2022 12 15 40492.00 193.999673 1807 58.71 6232 22.72
507 2022 12 15 40492.00 194.379834 1807 58.71 6232 22.72
508 2022 12 15 40492.00 194.760163 1807 58.71 6232 22.72
509 2022 12 15 40493.00 195.140544 1808 58.74 6232 22.72
510 2022 12 15 40493.00 195.521090 1807 58.71 6232 22.72
511 2022 12 15 40493.00 195.901537 1807 58.71 6232 22.72
512 2022 12 15 40494.00 196.281760 1808 58.74 6232 22.72
513 2022 12 15 40494.40 197.062200 1807 58.71 6232 22.72
514 2022 12 15 40495.40 197.442693 1807 58.71 6232 22.72
515 2022 12 15 40495.40 197.823117 1807 58.71 6231 22.71
516 2022 12 15 40495.40 198.203564 1808 58.74 6232 22.72
517 2022 12 15 40496.40 198.584167 1808 58.74 6233 22.73
518 2022 12 15 40496.40 198.964718 1807 58.71 6232 22.72
519 2022 12 15 40497.40 199.345232 1808 58.74 6231 22.71
520 2022 12 15 40497.40 199.725647 1807 58.71 6230 22.70
521 2022 12 15 40497.40 200.106036 1808 58.74 6232 22.72
522 2022 12 15 40498.40 200.486636 1808 58.74 6232 22.72
523 2022 12 15 40498.40 200.867006 1808 58.74 6232 22.72
524 2022 12 15 40498.40 201.247401 1808 58.74 6232 22.72
525 2022 12 15 40499.40 201.627635 1808 58.74 6231 22.71
526 2022 12 15 40499.40 202.007816 1808 58.74 6232 22.72
527 2022 12 15 40500.40 202.388070 1808 58.74 6232 22.72
528 2022 12 15 40500.40 202.768276 1808 58.74 6231 22.71
529 2022 12 15 40500.40 203.148474 1808 58.74 6232 22.72
530 2022 12 15 40501.40 203.528681 1808 58.74 6232 22.72
531 2022 12 15 40501.40 203.908891 1808 58.74 6233 22.73
532 2022 12 15 40501.40 204.289111 1808 58.74 6231 22.71
533 2022 12 15 40502.40 204.669335 1808 58.74 6232 22.72
534 2022 12 15 40502.40 205.049553 1808 58.74 6231 22.71
535 2022 12 15 40503.40 205.429781 1808 58.74 6232 22.72
536 2022 12 15 40503.40 205.809999 1808 58.74 6232 22.72
537 2022 12 15 40503.40 206.190213 1808 58.74 6231 22.71
538 2022 12 15 40504.40 206.570451 1808 58.74 6231 22.71
539 2022 12 15 40504.40 206.950667 1808 58.74 6232 22.72
540 2022 12 15 40504.40 207.330893 1808 58.74 6232 22.72
541 2022 12 15 40505.40 207.711412 1808 58.74 6233 22.73
542 2022 12 15 40505.40 208.091659 1808 58.74 6233 22.73
543 2022 12 15 40506.40 208.472304 1808 58.74 6232 22.72
544 2022 12 15 40506.40 208.852905 1808 58.74 6233 22.73
545 2022 12 15 40506.40 209.233113 1808 58.74 6232 22.72
546 2022 12 15 40507.40 209.613313 1808 58.74 6232 22.72
547 2022 12 15 40507.40 209.993535 1807 58.71 6233 22.73
548 2022 12 15 40508.40 210.373766 1808 58.74 6232 22.72
549 2022 12 15 40508.40 210.753989 1807 58.71 6232 22.72
550 2022 12 15 40508.40 211.134210 1808 58.74 6232 22.72
551 2022 12 15 40509.40 211.514395 1807 58.71 6232 22.72
552 2022 12 15 40509.40 211.894599 1807 58.71 6232 22.72
553 2022 12 15 40509.40 212.274816 1807 58.71 6233 22.73
554 2022 12 15 40510.40 212.655027 1807 58.71 6232 22.72
555 2022 12 15 40510.40 213.035271 1807 58.71 6232 22.72
556 2022 12 15 40511.40 213.415480 1807 58.71 6232 22.72
557 2022 12 15 40511.40 213.796020 1808 58.74 6232 22.72
558 2022 12 15 40511.40 214.176565 1807 58.71 6234 22.74
559 2022 12 15 40512.40 214.556873 1807 58.71 6233 22.73
560 2022 12 15 40512.40 214.937506 1807 58.71 6233 22.73
561 2022 12 15 40512.40 215.318073 1807 58.71 6233 22.73
562 2022 12 15 40513.40 215.698324 1807 58.71 6233 22.73
563 2022 12 15 40513.40 216.078698 1807 58.71 6233 22.73
564 2022 12 15 40514.40 216.459224 1807 58.71 6232 22.72
565 2022 12 15 40514.40 216.839652 1807 58.71 6233 22.73
566 2022 12 15 40514.40 217.219877 1807 58.71 6233 22.73
567 2022 12 15 40515.40 217.600395 1807 58.71 6232 22.72
568 2022 12 15 40515.40 217.980819 1807 58.71 6234 22.74
569 2022 12 15 40516.40 218.361443 1807 58.71 6233 22.73
570 2022 12 15 40516.40 218.741639 1807 58.71 6233 22.73
571 2022 12 15 40516.40 219.122169 1807 58.71 6232 22.72
572 2022 12 15 40517.40 219.502595 1808 58.74 6232 22.72
573 2022 12 15 40517.40 219.883202 1807 58.71 6232 22.72
574 2022 12 15 40517.40 220.263565 1807 58.71 6232 22.72
575 2022 12 15 40518.40 220.644046 1807 58.71 6232 22.72
576 2022 12 15 40518.40 221.024304 1807 58.71 6233 22.73
577 2022 12 15 40519.40 221.404670 1807 58.71 6234 22.74
578 2022 12 15 40519.40 221.785300 1808 58.74 6233 22.73
579 2022 12 15 40519.40 222.165885 1807 58.71 6232 22.72
580 2022 12 15 40520.40 222.546404 1807 58.71 6232 22.72
581 2022 12 15 40520.40 222.926891 1807 58.71 6232 22.72
582 2022 12 15 40520.40 223.307170 1808 58.74 6233 22.73
583 2022 12 15 40521.40 223.687794 1808 58.74 6233 22.73
584 2022 12 15 40521.40 224.068343 1807 58.71 6232 22.72
585 2022 12 15 40522.40 224.448764 1808 58.74 6232 22.72
586 2022 12 15 40522.40 224.829317 1808 58.74 6233 22.73
587 2022 12 15 40522.40 225.209882 1808 58.74 6234 22.74
588 2022 12 15 40523.40 225.590139 1808 58.74 6234 22.74
589 2022 12 15 40523.40 225.970687 1808 58.74 6234 22.74
590 2022 12 15 40524.40 226.351136 1808 58.74 6233 22.73
591 2022 12 15 40524.40 226.731458 1808 58.74 6234 22.74
592 2022 12 15 40524.40 227.111684 1808 58.74 6234 22.74
593 2022 12 15 40525.40 227.492281 1808 58.74 6233 22.73
594 2022 12 15 40525.40 227.872649 1808 58.74 6234 22.74
595 2022 12 15 40525.40 228.253048 1808 58.74 6234 22.74
596 2022 12 15 40526.40 228.633566 1807 58.71 6234 22.74
597 2022 12 15 40526.40 229.013797 1808 58.74 6234 22.74
598 2022 12 15 40527.40 229.394296 1808 58.74 6234 22.74
599 2022 12 15 40527.40 229.774655 1808 58.74 6235 22.75
600 2022 12 15 40527.40 230.154992 1808 58.74 6235 22.75
601 2022 12 15 40528.40 230.535603 1808 58.74 6235 22.75
602 2022 12 15 40528.40 230.915845 1808 58.74 6234 22.74
603 2022 12 15 40528.40 231.296297 1808 58.74 6235 22.75
604 2022 12 15 40529.40 231.676458 1808 58.74 6235 22.75
605 2022 12 15 40529.40 232.057071 1808 58.74 6236 22.76
606 2022 12 15 40530.40 232.437462 1807 58.71 6237 22.77
607 2022 12 15 40530.40 232.817988 1807 58.72 6236 22.76
608 2022 12 15 40530.40 233.198343 1807 58.71 6236 22.76
609 2022 12 15 40531.40 233.578816 1807 58.71 6237 22.77
610 2022 12 15 40531.40 233.959324 1806 58.68 6236 22.76
611 2022 12 15 40532.40 234.339890 1807 58.71 6237 22.77
612 2022 12 15 40532.40 234.720078 1807 58.72 6237 22.77
613 2022 12 15 40532.40 235.100445 1807 58.72 6236 22.76
614 2022 12 15 40533.40 235.480981 1807 58.71 6238 22.78
615 2022 12 15 40533.40 235.861569 1807 58.72 6237 22.77
616 2022 12 15 40533.40 236.242015 1807 58.72 6236 22.76
617 2022 12 15 40534.40 236.622501 1806 58.68 6237 22.77
618 2022 12 15 40534.40 237.002827 1806 58.68 6237 22.77
619 2022 12 15 40535.40 237.383251 1806 58.68 6236 22.76
620 2022 12 15 40535.40 237.763426 1806 58.68 6237 22.77
621 2022 12 15 40535.40 238.143920 1806 58.68 6237 22.77
622 2022 12 15 40536.40 238.524154 1806 58.68 6238 22.78
623 2022 12 15 40536.40 238.904760 1806 58.69 6239 22.79
624 2022 12 15 40536.40 239.285214 1806 58.69 6237 22.77
625 2022 12 15 40537.40 239.665536 1806 58.68 6238 22.78
626 2022 12 15 40537.40 240.045900 1806 58.69 6238 22.78
627 2022 12 15 40538.40 240.426335 1806 58.69 6238 22.78
628 2022 12 15 40538.40 240.806781 1806 58.69 6240 22.80
629 2022 12 15 40538.40 241.186993 1806 58.69 6238 22.78
630 2022 12 15 40539.40 241.567497 1806 58.69 6237 22.77
631 2022 12 15 40539.40 241.947911 1805 58.65 6238 22.78
632 2022 12 15 40539.40 242.328368 1805 58.66 6238 22.78
633 2022 12 15 40540.40 242.708947 1805 58.66 6238 22.78
634 2022 12 15 40540.40 243.089482 1806 58.69 6238 22.78
635 2022 12 15 40541.40 243.469896 1805 58.66 6238 22.78
636 2022 12 15 40541.40 243.850413 1806 58.69 6238 22.78
637 2022 12 15 40541.40 244.230606 1805 58.66 6239 22.79
638 2022 12 15 40542.40 244.611142 1806 58.69 6239 22.79
639 2022 12 15 40542.40 244.991665 1805 58.66 6239 22.79
640 2022 12 15 40543.40 245.372089 1805 58.66 6238 22.78
641 2022 12 15 40543.40 245.752704 1805 58.66 6238 22.78
642 2022 12 15 40543.40 246.133332 1806 58.69 6238 22.78
643 2022 12 15 40544.40 246.513566 1805 58.66 6238 22.78
644 2022 12 15 40544.40 246.894047 1805 58.66 6238 22.78
645 2022 12 15 40544.40 247.274245 1805 58.66 6238 22.78
646 2022 12 15 40545.40 247.654670 1805 58.66 6238 22.78
647 2022 12 15 40545.40 248.035224 1805 58.66 6238 22.78
648 2022 12 15 40546.40 248.415744 1805 58.66 6238 22.78
649 2022 12 15 40546.40 248.796133 1805 58.66 6238 22.78
650 2022 12 15 40546.40 249.176365 1804 58.62 6238 22.78
651 2022 12 15 40547.40 249.556533 1805 58.66 6238 22.78
652 2022 12 15 40547.40 249.936702 1805 58.66 6237 22.77
653 2022 12 15 40547.40 250.317107 1805 58.65 6238 22.78
654 2022 12 15 40548.40 250.697747 1805 58.66 6238 22.78
655 2022 12 15 40548.40 251.077909 1805 58.66 6238 22.78
656 2022 12 15 40549.40 251.458392 1805 58.66 6236 22.76
657 2022 12 15 40549.40 251.838834 1805 58.65 6238 22.78
658 2022 12 15 40549.40 252.219177 1805 58.66 6238 22.78
659 2022 12 15 40550.40 252.599738 1805 58.66 6238 22.78
660 2022 12 15 40550.40 252.980297 1805 58.66 6238 22.78
661 2022 12 15 40551.40 253.360828 1804 58.62 6236 22.76
662 2022 12 15 40551.40 253.741296 1805 58.65 6237 22.77
663 2022 12 15 40551.40 254.121986 1805 58.65 6236 22.76
664 2022 12 15 40552.00 254.482700 1805 58.65 6237 22.77
665 2022 12 15 40552.40 254.882700 1805 58.65 6236 22.76
666 2022 12 15 40552.40 255.263243 1804 58.62 6237 22.77
667 2022 12 15 40553.40 255.643630 1804 58.62 6237 22.77
668 2022 12 15 40554.00 256.004728 1805 58.65 6236 22.76
669 2022 12 15 40554.00 256.385154 1804 58.62 6236 22.76
670 2022 12 15 40554.00 256.765571 1804 58.62 6236 22.76
671 2022 12 15 40555.00 257.146020 1804 58.62 6236 22.76
672 2022 12 15 40555.00 257.526212 1804 58.62 6235 22.75
673 2022 12 15 40555.00 257.906464 1804 58.62 6236 22.76
674 2022 12 15 40556.00 258.286879 1805 58.65 6236 22.76
675 2022 12 15 40556.00 258.667294 1805 58.65 6234 22.74
676 2022 12 15 40557.00 259.047905 1805 58.65 6235 22.75
677 2022 12 15 40557.00 259.428482 1805 58.65 6234 22.74
678 2022 12 15 40557.00 259.809006 1805 58.65 6234 22.74
679 2022 12 15 40558.00 260.189464 1804 58.62 6235 22.75
680 2022 12 15 40558.00 260.569695 1805 58.65 6236 22.76
681 2022 12 15 40559.00 260.949856 1805 58.65 6236 22.76
682 2022 12 15 40559.00 261.330093 1806 58.68 6234 22.74
683 2022 12 15 40559.00 261.710323 1806 58.68 6235 22.75
684 2022 12 15 40560.00 262.090546 1806 58.68 6234 22.74
685 2022 12 15 40560.00 262.470753 1805 58.65 6235 22.75
686 2022 12 15 40560.00 262.850951 1805 58.65 6236 22.76
687 2022 12 15 40561.00 263.231159 1806 58.68 6235 22.75
688 2022 12 15 40561.00 263.611365 1806 58.68 6234 22.74
689 2022 12 15 40562.00 263.991583 1806 58.68 6235 22.75
690 2022 12 15 40562.00 264.371799 1806 58.68 6235 22.75
691 2022 12 15 40562.00 264.752021 1806 58.68 6235 22.75
692 2022 12 15 40563.00 265.132241 1806 58.68 6235 22.75
693 2022 12 15 40563.00 265.512411 1806 58.68 6236 22.76
694 2022 12 15 40563.00 265.892625 1806 58.68 6235 22.75
695 2022 12 15 40564.00 266.272842 1805 58.65 6236 22.76
696 2022 12 15 40564.00 266.653059 1806 58.68 6236 22.76
697 2022 12 15 40565.00 267.033279 1805 58.65 6235 22.75
698 2022 12 15 40565.00 267.413747 1805 58.65 6235 22.75
699 2022 12 15 40565.00 267.794008 1806 58.68 6236 22.76
700 2022 12 15 40566.00 268.174479 1805 58.65 6236 22.76
701 2022 12 15 40566.00 268.554719 1806 58.68 6235 22.75
702 2022 12 15 40567.00 268.935108 1806 58.68 6236 22.76
703 2022 12 15 40567.00 269.315694 1806 58.68 6236 22.76
704 2022 12 15 40567.00 269.696108 1806 58.68 6236 22.76
705 2022 12 15 40568.00 270.076575 1806 58.68 6236 22.76
706 2022 12 15 40568.00 270.456774 1806 58.68 6236 22.76
707 2022 12 15 40568.00 270.837013 1805 58.65 6236 22.76
708 2022 12 15 40569.00 271.217252 1805 58.65 6236 22.76
709 2022 12 15 40569.00 271.597435 1806 58.68 6237 22.77
710 2022 12 15 40570.00 271.977591 1805 58.65 6237 22.77
711 2022 12 15 40570.00 272.357773 1806 58.68 6238 22.78
712 2022 12 15 40570.00 272.738315 1806 58.69 6237 22.77
713 2022 12 15 40571.00 273.118764 1805 58.65 6237 22.77
714 2022 12 15 40571.00 273.499168 1805 58.65 6237 22.77
715 2022 12 15 40571.00 273.879369 1806 58.68 6238 22.78
716 2022 12 15 40572.00 274.259941 1805 58.66 6237 22.77
717 2022 12 15 40572.00 274.640465 1805 58.65 6239 22.79
718 2022 12 15 40573.00 275.020709 1805 58.66 6238 22.78
719 2022 12 15 40573.00 275.401120 1805 58.66 6238 22.78
720 2022 12 15 40573.00 275.781723 1805 58.66 6238 22.78
721 2022 12 15 40574.00 276.162290 1805 58.66 6237 22.77
722 2022 12 15 40574.00 276.542439 1805 58.65 6238 22.78
723 2022 12 15 40574.00 276.922595 1805 58.66 6240 22.80
724 2022 12 15 40575.00 277.302778 1805 58.66 6238 22.78
725 2022 12 15 40575.40 278.083372 1804 58.62 6238 22.78
726 2022 12 15 40576.40 278.463935 1805 58.66 6238 22.78
727 2022 12 15 40576.40 278.844176 1805 58.66 6239 22.79
728 2022 12 15 40577.00 279.205230 1805 58.66 6238 22.78
729 2022 12 15 40577.40 279.985789 1804 58.62 6238 22.78
730 2022 12 15 40578.40 280.366226 1804 58.62 6237 22.77
731 2022 12 15 40578.40 280.746585 1805 58.65 6238 22.78
732 2022 12 15 40578.40 281.126771 1805 58.66 6238 22.78
733 2022 12 15 40579.40 281.507305 1804 58.62 6237 22.77
734 2022 12 15 40579.40 281.887716 1805 58.65 6238 22.78
735 2022 12 15 40579.40 282.268173 1805 58.66 6238 22.78
736 2022 12 15 40580.40 282.648472 1805 58.66 6237 22.77
737 2022 12 15 40580.40 283.029016 1805 58.65 6238 22.78
738 2022 12 15 40581.40 283.409513 1805 58.66 6238 22.78
739 2022 12 15 40581.40 283.789740 1805 58.66 6238 22.78
740 2022 12 15 40581.40 284.169962 1805 58.66 6238 22.78
741 2022 12 15 40582.40 284.550156 1805 58.66 6237 22.77
742 2022 12 15 40582.40 284.930345 1805 58.65 6237 22.77
743 2022 12 15 40582.40 285.310493 1805 58.65 6238 22.78
744 2022 12 15 40583.40 285.690698 1805 58.66 6238 22.78
745 2022 12 15 40583.40 286.070917 1805 58.66 6238 22.78
746 2022 12 15 40584.40 286.451133 1805 58.66 6237 22.77
747 2022 12 15 40584.40 286.831351 1805 58.65 6238 22.78
748 2022 12 15 40584.40 287.211562 1805 58.66 6237 22.77
749 2022 12 15 40585.40 287.591749 1805 58.65 6237 22.77
750 2022 12 15 40585.40 287.972310 1805 58.65 6237 22.77
751 2022 12 15 40586.40 288.352883 1805 58.65 6237 22.77
752 2022 12 15 40586.40 288.733314 1805 58.65 6237 22.77
753 2022 12 15 40586.40 289.113543 1805 58.65 6237 22.77
754 2022 12 15 40587.40 289.494170 1805 58.65 6236 22.76
755 2022 12 15 40587.40 289.874635 1806 58.68 6236 22.76
756 2022 12 15 40587.40 290.255102 1805 58.65 6236 22.76
757 2022 12 15 40588.40 290.635364 1804 58.62 6236 22.76
758 2022 12 15 40588.40 291.015905 1805 58.65 6236 22.76
759 2022 12 15 40589.40 291.396510 1805 58.65 6237 22.77
760 2022 12 15 40589.40 291.776989 1805 58.65 6236 22.76
761 2022 12 15 40589.40 292.157228 1805 58.65 6236 22.76
762 2022 12 15 40590.40 292.537453 1804 58.62 6236 22.76
763 2022 12 15 40590.40 292.918055 1805 58.65 6236 22.76
764 2022 12 15 40590.40 293.298561 1804 58.62 6236 22.76
765 2022 12 15 40591.40 293.679078 1804 58.62 6236 22.76
766 2022 12 15 40591.40 294.059533 1804 58.62 6237 22.77
767 2022 12 15 40592.40 294.440118 1805 58.65 6236 22.76
768 2022 12 15 40592.40 294.820660 1804 58.62 6236 22.76
769 2022 12 15 40592.40 295.200861 1805 58.65 6237 22.77
770 2022 12 15 40593.40 295.581232 1805 58.65 6236 22.76
771 2022 12 15 40593.40 295.961463 1804 58.62 6236 22.76
772 2022 12 15 40594.40 296.342079 1805 58.65 6236 22.76
773 2022 12 15 40594.40 296.722464 1804 58.62 6237 22.77
774 2022 12 15 40594.40 297.102912 1804 58.62 6236 22.76
775 2022 12 15 40595.40 297.483311 1804 58.62 6237 22.77
776 2022 12 15 40595.40 297.863584 1804 58.62 6236 22.76
777 2022 12 15 40595.40 298.244177 1804 58.62 6236 22.76
778 2022 12 15 40596.40 298.624615 1804 58.62 6236 22.76
779 2022 12 15 40596.40 299.004830 1804 58.62 6237 22.77
780 2022 12 15 40597.40 299.385122 1804 58.62 6237 22.77
781 2022 12 15 40597.40 299.765561 1804 58.62 6236 22.76
782 2022 12 15 40597.40 300.146118 1804 58.62 6237 22.77
783 2022 12 15 40598.40 300.526634 1804 58.62 6236 22.76
784 2022 12 15 40598.40 300.906826 1804 58.62 6236 22.76
785 2022 12 15 40598.40 301.287362 1804 58.62 6236 22.76
786 2022 12 15 40599.40 301.667892 1804 58.62 6236 22.76
787 2022 12 15 40599.40 302.048118 1804 58.62 6235 22.75
788 2022 12 15 40600.40 302.428597 1804 58.62 6236 22.76
789 2022 12 15 40600.40 302.809086 1804 58.62 6235 22.75
790 2022 12 15 40600.40 303.189600 1803 58.59 6236 22.76
791 2022 12 15 40601.40 303.569809 1804 58.62 6236 22.76
792 2022 12 15 40601.40 303.950319 1804 58.62 6235 22.75
793 2022 12 15 40601.40 304.330513 1804 58.62 6236 22.76
794 2022 12 15 40602.40 304.710933 1804 58.62 6236 22.76
795 2022 12 15 40602.40 305.091539 1804 58.62 6234 22.74
796 2022 12 15 40603.40 305.472010 1804 58.62 6235 22.75
797 2022 12 15 40603.40 305.852496 1804 58.62 6235 22.75
798 2022 12 15 40603.40 306.232688 1804 58.62 6236 22.76
799 2022 12 15 40604.40 306.613299 1804 58.62 6236 22.76
800 2022 12 15 40604.40 306.993851 1804 58.62 6236 22.76
801 2022 12 15 40605.40 307.374049 1804 58.62 6236 22.76
802 2022 12 15 40605.40 307.754404 1804 58.62 6236 22.76
803 2022 12 15 40605.40 308.134840 1804 58.62 6235 22.75
804 2022 12 15 40606.40 308.515407 1804 58.62 6235 22.75
805 2022 12 15 40606.40 308.895905 1804 58.62 6235 22.75
806 2022 12 15 40606.40 309.276379 1804 58.62 6236 22.76
807 2022 12 15 40607.40 309.656806 1804 58.62 6236 22.76
808 2022 12 15 40607.40 310.037042 1804 58.62 6236 22.76
809 2022 12 15 40608.40 310.417230 1804 58.62 6236 22.76
810 2022 12 15 40608.40 310.797716 1803 58.59 6235 22.75
811 2022 12 15 40608.40 311.178032 1804 58.62 6235 22.75
812 2022 12 15 40609.40 311.558624 1804 58.62 6236 22.76
813 2022 12 15 40609.40 311.939040 1804 58.62 6236 22.76
814 2022 12 15 40609.40 312.319562 1804 58.62 6236 22.76
815 2022 12 15 40610.40 312.700060 1804 58.62 6236 22.76
816 2022 12 15 40610.40 313.080470 1803 58.59 6236 22.76
817 2022 12 15 40611.40 313.460940 1803 58.59 6236 22.76
818 2022 12 15 40611.40 313.841336 1803 58.59 6236 22.76
819 2022 12 15 40611.40 314.221797 1804 58.62 6235 22.75
820 2022 12 15 40612.40 314.602224 1804 58.62 6235 22.75
821 2022 12 15 40612.40 314.982724 1804 58.62 6236 22.76
822 2022 12 15 40613.40 315.363212 1804 58.62 6235 22.75
823 2022 12 15 40613.40 315.743590 1804 58.62 6235 22.75
824 2022 12 15 40613.40 316.124058 1804 58.62 6236 22.76
825 2022 12 15 40614.40 316.504672 1804 58.62 6236 22.76
826 2022 12 15 40614.40 316.885297 1804 58.62 6235 22.75
827 2022 12 15 40614.40 317.265754 1804 58.62 6236 22.76
828 2022 12 15 40615.40 317.646273 1803 58.59 6236 22.76
829 2022 12 15 40615.40 318.026517 1804 58.62 6236 22.76
830 2022 12 15 40616.40 318.406984 1803 58.59 6236 22.76
831 2022 12 15 40616.40 318.787571 1803 58.59 6236 22.76
832 2022 12 15 40616.40 319.168102 1804 58.62 6235 22.75
833 2022 12 15 40617.40 319.548590 1804 58.62 6235 22.75
834 2022 12 15 40617.40 319.928813 1803 58.59 6235 22.75
835 2022 12 15 40617.40 320.309234 1804 58.62 6236 22.76
836 2022 12 15 40618.40 320.689837 1803 58.59 6236 22.76
837 2022 12 15 40618.40 321.070027 1804 58.62 6235 22.75
838 2022 12 15 40619.40 321.450452 1804 58.62 6236 22.76
839 2022 12 15 40619.40 321.830612 1804 58.62 6234 22.74
840 2022 12 15 40619.40 322.211025 1804 58.62 6236 22.76
841 2022 12 15 40620.40 322.591251 1804 58.62 6236 22.76
842 2022 12 15 40620.40 322.971457 1804 58.62 6236 22.76
843 2022 12 15 40621.40 323.351655 1803 58.59 6235 22.75
844 2022 12 15 40621.40 323.731801 1804 58.62 6235 22.75
845 2022 12 15 40621.40 324.112007 1803 58.59 6235 22.75
846 2022 12 15 40622.40 324.492232 1804 58.62 6235 22.75
847 2022 12 15 40622.40 324.872472 1804 58.62 6236 22.76
848 2022 12 15 40622.40 325.252693 1804 58.62 6235 22.75
849 2022 12 15 40623.40 325.632913 1804 58.62 6236 22.76
850 2022 12 15 40623.40 326.013135 1804 58.62 6235 22.75
851 2022 12 15 40624.40 326.393356 1804 58.62 6235 22.75
852 2022 12 15 40624.40 326.773572 1804 58.62 6234 22.74
853 2022 12 15 40624.40 327.153794 1804 58.62 6235 22.75
854 2022 12 15 40625.40 327.534003 1804 58.62 6236 22.76
855 2022 12 15 40625.40 327.914480 1805 58.65 6235 22.75
856 2022 12 15 40625.40 328.295126 1804 58.62 6235 22.75
857 2022 12 15 40626.40 328.675603 1804 58.62 6236 22.76
858 2022 12 15 40626.40 329.056018 1805 58.65 6236 22.76
859 2022 12 15 40627.40 329.436526 1804 58.62 6235 22.75
860 2022 12 15 40627.40 329.816853 1805 58.65 6234 22.74
861 2022 12 15 40627.40 330.197098 1805 58.65 6234 22.74
862 2022 12 15 40628.40 330.577363 1804 58.62 6235 22.75
863 2022 12 15 40628.40 330.957868 1805 58.65 6235 22.75
864 2022 12 15 40629.40 331.338335 1805 58.65 6234 22.74
865 2022 12 15 40629.40 331.718824 1804 58.62 6235 22.75
866 2022 12 15 40629.40 332.099061 1804 58.62 6235 22.75
867 2022 12 15 40630.40 332.479455 1805 58.65 6234 22.74
868 2022 12 15 40630.40 332.859628 1805 58.65 6234 22.74
869 2022 12 15 40630.40 333.239865 1804 58.62 6234 22.74
870 2022 12 15 40631.40 333.620458 1804 58.62 6234 22.74
871 2022 12 15 40631.40 334.001010 1805 58.65 6235 22.75
872 2022 12 15 40632.40 334.381524 1805 58.65 6234 22.74
873 2022 12 15 40632.40 334.761975 1804 58.62 6234 22.74
874 2022 12 15 40633.00 335.122963 1804 58.62 6235 22.75
875 2022 12 15 40633.40 335.522963 1805 58.65 6235 22.75
876 2022 12 15 40633.40 335.903516 1805 58.65 6234 22.74
877 2022 12 15 40633.40 336.284006 1804 58.62 6234 22.74
878 2022 12 15 40634.40 336.664241 1805 58.65 6235 22.75
879 2022 12 15 40635.00 337.025126 1804 58.62 6233 22.73
880 2022 12 15 40635.00 337.405633 1805 58.65 6234 22.74
881 2022 12 15 40635.00 337.786064 1804 58.62 6234 22.74
882 2022 12 15 40636.00 338.166405 1804 58.62 6234 22.74
883 2022 12 15 40636.00 338.546558 1804 58.62 6235 22.75
884 2022 12 15 40636.00 338.927016 1805 58.65 6235 22.75
885 2022 12 15 40637.00 339.307438 1804 58.62 6234 22.74
886 2022 12 15 40637.00 339.688091 1804 58.62 6234 22.74
887 2022 12 15 40638.00 340.068581 1804 58.62 6236 22.76
888 2022 12 15 40638.00 340.448768 1804 58.62 6234 22.74
889 2022 12 15 40638.00 340.828965 1804 58.62 6235 22.75
890 2022 12 15 40639.00 341.209346 1805 58.65 6235 22.75
891 2022 12 15 40639.00 341.589517 1804 58.62 6235 22.75
892 2022 12 15 40640.00 341.970096 1805 58.65 6235 22.75
893 2022 12 15 40640.00 342.350639 1804 58.62 6234 22.74
894 2022 12 15 40640.00 342.731048 1804 58.62 6234 22.74
895 2022 12 15 40641.00 343.111438 1804 58.62 6235 22.75
896 2022 12 15 40641.00 343.492011 1804 58.62 6235 22.75
897 2022 12 15 40641.00 343.872226 1804 58.62 6234 22.74
898 2022 12 15 40642.00 344.252379 1804 58.62 6234 22.74
899 2022 12 15 40642.00 344.632755 1804 58.62 6235 22.75
900 2022 12 15 40643.00 345.013323 1804 58.62 6235 22.75
901 2022 12 15 40643.00 345.393828 1804 58.62 6234 22.74
902 2022 12 15 40643.00 345.774205 1804 58.62 6236 22.76
903 2022 12 15 40644.00 346.154623 1804 58.62 6233 22.73
904 2022 12 15 40644.00 346.535243 1804 58.62 6234 22.74
905 2022 12 15 40644.00 346.915463 1804 58.62 6234 22.74
906 2022 12 15 40645.00 347.295971 1804 58.62 6235 22.75
907 2022 12 15 40645.00 347.676417 1804 58.62 6234 22.74
908 2022 12 15 40646.00 348.056800 1804 58.62 6234 22.74
909 2022 12 15 40646.00 348.437040 1804 58.62 6233 22.73
910 2022 12 15 40646.00 348.817443 1804 58.62 6234 22.74
911 2022 12 15 40647.00 349.197828 1804 58.62 6234 22.74
912 2022 12 15 40647.00 349.578059 1804 58.62 6233 22.73
913 2022 12 15 40648.00 349.958491 1804 58.62 6235 22.75
914 2022 12 15 40648.00 350.338752 1804 58.62 6233 22.73
915 2022 12 15 40648.00 350.719138 1804 58.62 6233 22.73
916 2022 12 15 40649.00 351.099543 1804 58.62 6234 22.74
917 2022 12 15 40649.00 351.479767 1804 58.62 6235 22.75
918 2022 12 15 40649.00 351.860372 1804 58.62 6235 22.75
919 2022 12 15 40650.00 352.240629 1804 58.62 6235 22.75
920 2022 12 15 40650.00 352.621068 1804 58.62 6234 22.74
921 2022 12 15 40651.00 353.001497 1804 58.62 6234 22.74
922 2022 12 15 40651.00 353.381730 1804 58.62 6234 22.74
923 2022 12 15 40651.00 353.761949 1805 58.65 6234 22.74
924 2022 12 15 40652.00 354.142319 1804 58.62 6234 22.74
925 2022 12 15 40652.00 354.522472 1804 58.62 6234 22.74
926 2022 12 15 40652.00 354.903079 1804 58.62 6234 22.74
927 2022 12 15 40653.00 355.283522 1804 58.62 6236 22.76
928 2022 12 15 40653.00 355.663998 1804 58.62 6235 22.75
929 2022 12 15 40654.00 356.044486 1804 58.62 6234 22.74
930 2022 12 15 40654.00 356.424838 1804 58.62 6234 22.74
931 2022 12 15 40654.00 356.805361 1804 58.62 6235 22.75
932 2022 12 15 40655.00 357.185786 1804 58.62 6234 22.74
933 2022 12 15 40655.00 357.566246 1804 58.62 6235 22.75
934 2022 12 15 40656.00 357.946730 1804 58.62 6236 22.76
935 2022 12 15 40656.00 358.327325 1804 58.62 6236 22.76
936 2022 12 15 40656.00 358.707923 1804 58.62 6235 22.75
937 2022 12 15 40657.40 359.488316 1804 58.62 6234 22.74
938 2022 12 15 40657.00 359.848623 1804 58.62 6235 22.75
939 2022 12 15 40658.00 360.228798 1804 58.62 6235 22.75
940 2022 12 15 40658.40 361.008971 1803 58.59 6234 22.74
941 2022 12 15 40659.40 361.389166 1804 58.62 6234 22.74
942 2022 12 15 40659.40 361.769361 1804 58.62 6235 22.75
943 2022 12 15 40659.40 362.149585 1804 58.62 6234 22.74
944 2022 12 15 40660.40 362.529805 1804 58.62 6234 22.74
945 2022 12 15 40660.40 362.910026 1804 58.62 6235 22.75
946 2022 12 15 40660.40 363.290241 1804 58.62 6235 22.75
947 2022 12 15 40661.40 363.670472 1804 58.62 6235 22.75
948 2022 12 15 40661.40 364.050692 1804 58.62 6234 22.74
949 2022 12 15 40662.40 364.431249 1804 58.62 6234 22.74
950 2022 12 15 40662.40 364.811815 1804 58.62 6234 22.74
951 2022 12 15 40662.40 365.192176 1804 58.62 6234 22.74
952 2022 12 15 40663.40 365.572713 1804 58.62 6235 22.75
953 2022 12 15 40663.40 365.953303 1804 58.62 6234 22.74
954 2022 12 15 40664.40 366.333776 1804 58.62 6234 22.74
955 2022 12 15 40664.40 366.714248 1804 58.62 6234 22.74
956 2022 12 15 40664.40 367.094704 1804 58.62 6234 22.74
957 2022 12 15 40665.40 367.474932 1804 58.62 6234 22.74
958 2022 12 15 40665.40 367.855280 1804 58.62 6235 22.75
959 2022 12 15 40665.40 368.235500 1804 58.62 6234 22.74
960 2022 12 15 40666.40 368.615803 1804 58.62 6233 22.73
961 2022 12 15 40666.40 368.996043 1805 58.65 6233 22.73
962 2022 12 15 40667.40 369.376291 1805 58.65 6234 22.74
963 2022 12 15 40667.40 369.756730 1804 58.62 6234 22.74
964 2022 12 15 40667.40 370.136961 1805 58.65 6234 22.74
965 2022 12 15 40668.40 370.517151 1805 58.65 6234 22.74
966 2022 12 15 40668.40 370.897651 1805 58.65 6234 22.74
967 2022 12 15 40668.40 371.278125 1805 58.65 6234 22.74
968 2022 12 15 40669.40 371.658580 1805 58.65 6233 22.73
969 2022 12 15 40669.40 372.038799 1804 58.62 6233 22.73
970 2022 12 15 40670.40 372.419396 1805 58.65 6233 22.73
971 2022 12 15 40670.40 372.799968 1805 58.65 6233 22.73
972 2022 12 15 40670.40 373.180493 1805 58.65 6234 22.74
973 2022 12 15 40671.40 373.560937 1804 58.62 6233 22.73
974 2022 12 15 40671.40 373.941151 1804 58.62 6234 22.74
975 2022 12 15 40671.40 374.321695 1804 58.62 6234 22.74
976 2022 12 15 40672.40 374.702163 1805 58.65 6234 22.74
977 2022 12 15 40672.40 375.082639 1805 58.65 6234 22.74
978 2022 12 15 40673.40 375.463254 1805 58.65 6233 22.73
979 2022 12 15 40673.40 375.843855 1805 58.65 6234 22.74
980 2022 12 15 40673.40 376.224359 1805 58.65 6233 22.73
981 2022 12 15 40674.40 376.604877 1805 58.65 6233 22.73
982 2022 12 15 40674.40 376.985096 1805 58.65 6233 22.73
983 2022 12 15 40675.40 377.365640 1805 58.65 6233 22.73
984 2022 12 15 40675.40 377.746239 1806 58.68 6233 22.73
985 2022 12 15 40675.40 378.126789 1805 58.65 6234 22.74
986 2022 12 15 40676.40 378.507023 1805 58.65 6234 22.74
987 2022 12 15 40676.40 378.887232 1805 58.65 6233 22.73
988 2022 12 15 40676.40 379.267857 1805 58.65 6234 22.74
989 2022 12 15 40677.40 379.648403 1806 58.68 6233 22.73
990 2022 12 15 40677.40 380.028918 1805 58.65 6232 22.72
991 2022 12 15 40678.40 380.409361 1805 58.65 6232 22.72
992 2022 12 15 40678.40 380.789915 1806 58.68 6233 22.73
993 2022 12 15 40678.40 381.170235 1806 58.68 6233 22.73
994 2022 12 15 40679.40 381.550787 1806 58.68 6233 22.73
995 2022 12 15 40679.40 381.931294 1806 58.68 6233 22.73
996 2022 12 15 40679.40 382.311453 1806 58.68 6234 22.74
997 2022 12 15 40680.40 382.691669 1805 58.65 6234 22.74
998 2022 12 15 40680.40 383.071872 1805 58.65 6234 22.74
999 2022 12 15 40681.40 383.452076 1806 58.68 6233 22.73
1000 2022 12 15 40681.40 383.832290 1806 58.68 6233 22.73
1001 2022 12 15 40681.40 384.212442 1805 58.65 6233 22.73
1002 2022 12 15 40682.40 384.592671 1805 58.65 6234 22.74
1003 2022 12 15 40682.40 384.972895 1805 58.65 6234 22.74
1004 2022 12 15 40683.40 385.353116 1806 58.68 6234 22.74
1005 2022 12 15 40683.40 385.733335 1806 58.68 6234 22.74
1006 2022 12 15 40683.40 386.113559 1806 58.68 6234 22.74
1007 2022 12 15 40684.40 386.493777 1806 58.68 6234 22.74
1008 2022 12 15 40684.40 386.873946 1806 58.68 6234 22.74
1009 2022 12 15 40684.40 387.254165 1806 58.68 6234 22.74
1010 2022 12 15 40685.40 387.634312 1806 58.68 6234 22.74
1011 2022 12 15 40685.40 388.014881 1806 58.68 6233 22.73
1012 2022 12 15 40686.40 388.395404 1806 58.68 6236 22.76
1013 2022 12 15 40686.40 388.775824 1806 58.68 6234 22.74
1014 2022 12 15 40686.40 389.156456 1806 58.68 6234 22.74
1015 2022 12 15 40687.40 389.536994 1806 58.68 6234 22.74
1016 2022 12 15 40687.40 389.917564 1807 58.71 6234 22.74
1017 2022 12 15 40687.40 390.297987 1807 58.71 6234 22.74
1018 2022 12 15 40688.40 390.678503 1807 58.71 6234 22.74
1019 2022 12 15 40688.40 391.058744 1807 58.71 6234 22.74
1020 2022 12 15 40689.40 391.439189 1807 58.71 6234 22.74
1021 2022 12 15 40689.40 391.819495 1807 58.71 6234 22.74
1022 2022 12 15 40689.40 392.199842 1807 58.71 6234 22.74
1023 2022 12 15 40690.40 392.580365 1807 58.71 6234 22.74
1024 2022 12 15 40690.40 392.960878 1807 58.71 6234 22.74
1025 2022 12 15 40691.40 393.341418 1807 58.71 6234 22.74
1026 2022 12 15 40691.40 393.721617 1808 58.74 6234 22.74
1027 2022 12 15 40691.40 394.102222 1807 58.71 6234 22.74
1028 2022 12 15 40692.40 394.482646 1807 58.71 6234 22.74
1029 2022 12 15 40692.40 394.862905 1808 58.74 6233 22.73
1030 2022 12 15 40692.40 395.243424 1807 58.71 6234 22.74
1031 2022 12 15 40693.40 395.623830 1807 58.71 6234 22.74
1032 2022 12 15 40693.40 396.004053 1807 58.71 6234 22.74
1033 2022 12 15 40694.40 396.384565 1807 58.71 6233 22.73
1034 2022 12 15 40694.40 396.765008 1807 58.71 6233 22.73
1035 2022 12 15 40694.40 397.145400 1807 58.71 6232 22.72
1036 2022 12 15 40695.40 397.525532 1806 58.68 6233 22.73
1037 2022 12 15 40695.40 397.905935 1807 58.71 6234 22.74
1038 2022 12 15 40695.40 398.286417 1806 58.68 6233 22.73
1039 2022 12 15 40696.40 398.666850 1806 58.68 6233 22.73
1040 2022 12 15 40696.40 399.047154 1807 58.71 6234 22.74
1041 2022 12 15 40697.40 399.427667 1806 58.68 6234 22.74
1042 2022 12 15 40697.40 399.807906 1806 58.68 6234 22.74
1043 2022 12 15 40697.40 400.188095 1807 58.71 6234 22.74
1044 2022 12 15 40698.40 400.568329 1806 58.68 6234 22.74
1045 2022 12 15 40698.40 400.948784 1806 58.68 6234 22.74
1046 2022 12 15 40698.40 401.329219 1806 58.68 6233 22.73
1047 2022 12 15 40699.40 401.709405 1807 58.71 6234 22.74
1048 2022 12 15 40699.40 402.089879 1806 58.68 6234 22.74
1049 2022 12 15 40700.40 402.470106 1806 58.68 6234 22.74
1050 2022 12 15 40700.40 402.850651 1807 58.71 6234 22.74
1051 2022 12 15 40700.40 403.230840 1806 58.68 6234 22.74
1052 2022 12 15 40701.40 403.611333 1806 58.68 6234 22.74
1053 2022 12 15 40701.40 403.991757 1806 58.68 6232 22.72
1054 2022 12 15 40702.40 404.372154 1806 58.68 6234 22.74
1055 2022 12 15 40702.40 404.752603 1806 58.68 6234 22.74
1056 2022 12 15 40702.40 405.133129 1806 58.68 6233 22.73
1057 2022 12 15 40703.40 405.513596 1806 58.68 6234 22.74
1058 2022 12 15 40703.40 405.893836 1806 58.68 6234 22.74
1059 2022 12 15 40703.40 406.274436 1807 58.71 6233 22.73
1060 2022 12 15 40704.40 406.654784 1806 58.68 6234 22.74
1061 2022 12 15 40704.40 407.035168 1806 58.68 6233 22.73
1062 2022 12 15 40705.40 407.415515 1807 58.71 6234 22.74
1063 2022 12 15 40705.40 407.796003 1806 58.68 6234 22.74
1064 2022 12 15 40705.40 408.176515 1806 58.68 6233 22.73
1065 2022 12 15 40706.40 408.556735 1806 58.68 6234 22.74
1066 2022 12 15 40706.40 408.937141 1807 58.71 6234 22.74
1067 2022 12 15 40706.40 409.317759 1806 58.68 6233 22.73
1068 2022 12 15 40707.40 409.698309 1806 58.68 6232 22.72
1069 2022 12 15 40707.40 410.078859 1806 58.68 6233 22.73
1070 2022 12 15 40708.40 410.459086 1806 58.68 6232 22.72
1071 2022 12 15 40708.40 410.839483 1807 58.71 6233 22.73
1072 2022 12 15 40708.40 411.219636 1806 58.68 6233 22.73
1073 2022 12 15 40709.40 411.599797 1807 58.71 6233 22.73
1074 2022 12 15 40709.40 411.980307 1807 58.71 6232 22.72
1075 2022 12 15 40710.40 412.360708 1807 58.71 6232 22.72
1076 2022 12 15 40710.40 412.740936 1807 58.71 6232 22.72
1077 2022 12 15 40710.40 413.121520 1806 58.68 6233 22.73
1078 2022 12 15 40711.40 413.501755 1806 58.68 6233 22.73
1079 2022 12 15 40711.40 413.882182 1807 58.71 6232 22.72
1080 2022 12 15 40711.40 414.262351 1807 58.71 6233 22.73
1081 2022 12 15 40712.40 414.642535 1806 58.68 6232 22.72
1082 2022 12 15 40712.40 415.023087 1807 58.71 6233 22.73
1083 2022 12 15 40713.40 415.403518 1807 58.71 6232 22.72
1084 2022 12 15 40713.40 415.783935 1806 58.68 6232 22.72
1085 2022 12 15 40713.40 416.164324 1807 58.71 6233 22.73
1086 2022 12 15 40714.40 416.544854 1807 58.71 6232 22.72
1087 2022 12 15 40714.40 416.925045 1807 58.71 6233 22.73
1088 2022 12 15 40714.40 417.305294 1807 58.71 6233 22.73
1089 2022 12 15 40715.00 417.666009 1807 58.71 6233 22.73
1090 2022 12 15 40716.00 418.046556 1807 58.71 6232 22.72
1091 2022 12 15 40716.00 418.427082 1807 58.71 6233 22.73
1092 2022 12 15 40716.00 418.807493 1807 58.71 6233 22.73
1093 2022 12 15 40717.00 419.187915 1808 58.74 6232 22.72
1094 2022 12 15 40717.00 419.568105 1807 58.71 6232 22.72
1095 2022 12 15 40718.00 419.948310 1807 58.71 6233 22.73
1096 2022 12 15 40718.00 420.328502 1807 58.71 6232 22.72
1097 2022 12 15 40718.00 420.709057 1807 58.71 6232 22.72
1098 2022 12 15 40719.00 421.089298 1807 58.71 6233 22.73
1099 2022 12 15 40719.00 421.469845 1807 58.71 6233 22.73
1100 2022 12 15 40719.00 421.850217 1807 58.71 6233 22.73
1101 2022 12 15 40720.00 422.230538 1806 58.68 6233 22.73
1102 2022 12 15 40720.00 422.610956 1807 58.71 6233 22.73
1103 2022 12 15 40721.00 422.991250 1806 58.68 6233 22.73
1104 2022 12 15 40721.00 423.371679 1806 58.68 6233 22.73
1105 2022 12 15 40721.00 423.752122 1807 58.71 6232 22.72
1106 2022 12 15 40722.00 424.132625 1807 58.71 6232 22.72
1107 2022 12 15 40722.00 424.513008 1806 58.68 6234 22.74
1108 2022 12 15 40722.00 424.893475 1807 58.71 6234 22.74
1109 2022 12 15 40723.00 425.273912 1807 58.71 6232 22.72
1110 2022 12 15 40723.00 425.654151 1806 58.68 6233 22.73
1111 2022 12 15 40724.00 426.034355 1806 58.68 6232 22.72
1112 2022 12 15 40724.00 426.414499 1806 58.68 6233 22.73
1113 2022 12 15 40724.00 426.794994 1807 58.71 6233 22.73
1114 2022 12 15 40725.00 427.175429 1807 58.71 6232 22.72
1115 2022 12 15 40725.00 427.555841 1806 58.68 6232 22.72
1116 2022 12 15 40726.00 427.936002 1806 58.68 6233 22.73
1117 2022 12 15 40726.00 428.316525 1806 58.68 6232 22.72
1118 2022 12 15 40726.00 428.696943 1806 58.68 6233 22.73
1119 2022 12 15 40727.00 429.077143 1806 58.68 6233 22.73
1120 2022 12 15 40727.00 429.457672 1806 58.68 6234 22.74
1121 2022 12 15 40727.00 429.838215 1807 58.71 6232 22.72
1122 2022 12 15 40728.00 430.218706 1806 58.68 6232 22.72
1123 2022 12 15 40728.00 430.599100 1806 58.68 6232 22.72
1124 2022 12 15 40729.00 430.979504 1806 58.68 6232 22.72
1125 2022 12 15 40729.00 431.360048 1806 58.68 6232 22.72
1126 2022 12 15 40729.00 431.740567 1806 58.68 6234 22.74
1127 2022 12 15 40730.00 432.121053 1807 58.71 6234 22.74
1128 2022 12 15 40730.00 432.501506 1806 58.68 6232 22.72
1129 2022 12 15 40730.00 432.882063 1806 58.68 6232 22.72
1130 2022 12 15 40731.00 433.262547 1806 58.68 6234 22.74
1131 2022 12 15 40731.00 433.643074 1806 58.68 6233 22.73
1132 2022 12 15 40732.00 434.023461 1807 58.71 6233 22.73
1133 2022 12 15 40732.00 434.403895 1806 58.68 6234 22.74
1134 2022 12 15 40732.00 434.784088 1806 58.68 6234 22.74
1135 2022 12 15 40733.00 435.164275 1806 58.68 6234 22.74
1136 2022 12 15 40733.00 435.544459 1806 58.68 6234 22.74
1137 2022 12 15 40733.00 435.924654 1806 58.68 6234 22.74
1138 2022 12 15 40734.00 436.304845 1806 58.68 6234 22.74
1139 2022 12 15 40734.00 436.685057 1806 58.68 6234 22.74
1140 2022 12 15 40735.00 437.065285 1806 58.68 6234 22.74
1141 2022 12 15 40735.00 437.445492 1806 58.68 6234 22.74
1142 2022 12 15 40735.00 437.825660 1806 58.68 6234 22.74
1143 2022 12 15 40736.00 438.205876 1806 58.68 6234 22.74
1144 2022 12 15 40736.00 438.586333 1806 58.68 6233 22.73
1145 2022 12 15 40737.00 438.966711 1806 58.68 6234 22.74
1146 2022 12 15 40737.00 439.347361 1806 58.68 6233 22.73
1147 2022 12 15 40738.00 440.107984 1806 58.68 6234 22.74
1148 2022 12 15 40738.00 440.488229 1806 58.68 6233 22.73
1149 2022 12 15 40738.00 440.868886 1806 58.68 6233 22.73
1150 2022 12 15 40739.40 441.649119 1806 58.68 6234 22.74
1151 2022 12 15 40739.40 442.029566 1806 58.68 6233 22.73
1152 2022 12 15 40740.40 442.409794 1806 58.68 6234 22.74
1153 2022 12 15 40740.40 442.790019 1806 58.68 6234 22.74
1154 2022 12 15 40740.40 443.170225 1806 58.68 6234 22.74
1155 2022 12 15 40741.40 443.550487 1806 58.68 6234 22.74
1156 2022 12 15 40741.40 443.930704 1806 58.68 6233 22.73
1157 2022 12 15 40741.40 444.310930 1806 58.68 6234 22.74
1158 2022 12 15 40742.40 444.691095 1806 58.68 6233 22.73
1159 2022 12 15 40742.40 445.071318 1806 58.68 6233 22.73
1160 2022 12 15 40743.40 445.451549 1806 58.68 6234 22.74
1161 2022 12 15 40743.40 445.831781 1806 58.68 6234 22.74
1162 2022 12 15 40743.40 446.212006 1806 58.68 6234 22.74
1163 2022 12 15 40744.40 446.592178 1806 58.68 6233 22.73
1164 2022 12 15 40744.40 446.972398 1806 58.68 6233 22.73
1165 2022 12 15 40745.40 447.352618 1806 58.68 6234 22.74
1166 2022 12 15 40745.40 447.733116 1806 58.68 6234 22.74
1167 2022 12 15 40745.40 448.113697 1806 58.68 6233 22.73
1168 2022 12 15 40746.40 448.494298 1806 58.68 6234 22.74
1169 2022 12 15 40746.40 448.874747 1806 58.68 6232 22.72
1170 2022 12 15 40746.40 449.254998 1806 58.68 6234 22.74
1171 2022 12 15 40747.40 449.635212 1806 58.68 6233 22.73
1172 2022 12 15 40747.40 450.015369 1806 58.68 6233 22.73
1173 2022 12 15 40748.40 450.395820 1806 58.68 6232 22.72
1174 2022 12 15 40748.40 450.776061 1806 58.68 6233 22.73
1175 2022 12 15 40748.40 451.156599 1806 58.68 6234 22.74
1176 2022 12 15 40749.40 451.537155 1806 58.68 6233 22.73
1177 2022 12 15 40749.40 451.917702 1806 58.68 6233 22.73
1178 2022 12 15 40749.40 452.298208 1806 58.68 6232 22.72
1179 2022 12 15 40750.40 452.678603 1806 58.68 6233 22.73
1180 2022 12 15 40750.40 453.059103 1806 58.68 6233 22.73
1181 2022 12 15 40751.40 453.439689 1806 58.68 6233 22.73
1182 2022 12 15 40751.40 453.820206 1806 58.68 6233 22.73
1183 2022 12 15 40751.40 454.200703 1807 58.71 6234 22.74
1184 2022 12 15 40752.40 454.580935 1807 58.71 6233 22.73
1185 2022 12 15 40752.40 454.961531 1806 58.68 6233 22.73
1186 2022 12 15 40753.40 455.341685 1806 58.68 6232 22.72
1187 2022 12 15 40753.40 455.722126 1806 58.68 6232 22.72
1188 2022 12 15 40753.40 456.102354 1806 58.68 6232 22.72
1189 2022 12 15 40754.40 456.482831 1806 58.68 6233 22.73
1190 2022 12 15 40754.40 456.863136 1807 58.71 6233 22.73
1191 2022 12 15 40754.40 457.243592 1806 58.68 6233 22.73
1192 2022 12 15 40755.40 457.623966 1806 58.68 6233 22.73
1193 2022 12 15 40755.40 458.004575 1807 58.71 6233 22.73
1194 2022 12 15 40756.40 458.384994 1806 58.68 6233 22.73
1195 2022 12 15 40756.40 458.765516 1806 58.68 6233 22.73
1196 2022 12 15 40756.40 459.146020 1807 58.71 6232 22.72
1197 2022 12 15 40757.40 459.526364 1806 58.68 6234 22.74
1198 2022 12 15 40757.40 459.906978 1806 58.68 6233 22.73
1199 2022 12 15 40757.40 460.287171 1806 58.68 6232 22.72
1200 2022 12 15 40758.40 460.667684 1807 58.71 6233 22.73
1201 2022 12 15 40758.40 461.048089 1806 58.68 6232 22.72
1202 2022 12 15 40759.40 461.428700 1806 58.68 6232 22.72
1203 2022 12 15 40759.40 461.808993 1806 58.68 6232 22.72
1204 2022 12 15 40759.40 462.189193 1806 58.68 6233 22.73
1205 2022 12 15 40760.40 462.569644 1806 58.68 6233 22.73
1206 2022 12 15 40760.40 462.950041 1807 58.71 6233 22.73
1207 2022 12 15 40760.40 463.330307 1806 58.68 6233 22.73
1208 2022 12 15 40761.40 463.710865 1807 58.71 6232 22.72
1209 2022 12 15 40761.40 464.091256 1806 58.68 6233 22.73
1210 2022 12 15 40762.40 464.471672 1806 58.68 6233 22.73
1211 2022 12 15 40762.40 464.852299 1806 58.68 6233 22.73
1212 2022 12 15 40762.40 465.232763 1807 58.71 6233 22.73
1213 2022 12 15 40763.40 465.613244 1807 58.71 6233 22.73
1214 2022 12 15 40763.40 465.993712 1807 58.71 6233 22.73
1215 2022 12 15 40764.40 466.374141 1806 58.68 6232 22.72
1216 2022 12 15 40764.40 466.754747 1807 58.71 6233 22.73
1217 2022 12 15 40764.40 467.134978 1807 58.71 6233 22.73
1218 2022 12 15 40765.40 467.515492 1807 58.71 6232 22.72
1219 2022 12 15 40765.40 467.895963 1806 58.68 6231 22.71
1220 2022 12 15 40765.40 468.276536 1807 58.71 6232 22.72
1221 2022 12 15 40766.40 468.656974 1807 58.71 6233 22.73
1222 2022 12 15 40766.40 469.037532 1807 58.71 6233 22.73
1223 2022 12 15 40767.40 469.417970 1808 58.74 6233 22.73
1224 2022 12 15 40767.40 469.798156 1807 58.71 6232 22.72
1225 2022 12 15 40767.40 470.178840 1807 58.71 6232 22.72
1226 2022 12 15 40768.40 470.559368 1808 58.74 6232 22.72
1227 2022 12 15 40768.40 470.939893 1808 58.74 6232 22.72
1228 2022 12 15 40768.40 471.320374 1807 58.71 6232 22.72
1229 2022 12 15 40769.40 471.700795 1808 58.74 6233 22.73
1230 2022 12 15 40769.40 472.080988 1808 58.74 6233 22.73
1231 2022 12 15 40770.40 472.461424 1808 58.74 6232 22.72
1232 2022 12 15 40770.40 472.841837 1807 58.71 6232 22.72
1233 2022 12 15 40770.40 473.222241 1808 58.74 6233 22.73
1234 2022 12 15 40771.40 473.602810 1807 58.71 6232 22.72
1235 2022 12 15 40771.40 473.983388 1808 58.74 6232 22.72
1236 2022 12 15 40772.40 474.363795 1808 58.74 6232 22.72
1237 2022 12 15 40772.40 474.744022 1808 58.74 6232 22.72
1238 2022 12 15 40772.40 475.124640 1808 58.74 6233 22.73
1239 2022 12 15 40773.40 475.505098 1808 58.74 6232 22.72
1240 2022 12 15 40773.40 475.885645 1808 58.74 6232 22.72
1241 2022 12 15 40773.40 476.266145 1808 58.74 6232 22.72
1242 2022 12 15 40774.40 476.646527 1807 58.71 6232 22.72
1243 2022 12 15 40774.40 477.027059 1808 58.74 6232 22.72
1244 2022 12 15 40775.40 477.407674 1807 58.71 6233 22.73
1245 2022 12 15 40775.40 477.788212 1808 58.74 6232 22.72
1246 2022 12 15 40775.40 478.168376 1808 58.74 6232 22.72
1247 2022 12 15 40776.40 478.548758 1808 58.74 6234 22.74
1248 2022 12 15 40776.40 478.928990 1808 58.74 6233 22.73
1249 2022 12 15 40776.40 479.309476 1808 58.74 6234 22.74
1250 2022 12 15 40777.40 479.689890 1808 58.74 6233 22.73
1251 2022 12 15 40777.40 480.070285 1808 58.74 6232 22.72
1252 2022 12 15 40778.40 480.450713 1808 58.74 6234 22.74
1253 2022 12 15 40778.40 480.831194 1808 58.74 6233 22.73
1254 2022 12 15 40778.40 481.211376 1808 58.74 6233 22.73
1255 2022 12 15 40779.40 481.591856 1808 58.74 6233 22.73
1256 2022 12 15 40779.40 481.972478 1808 58.74 6234 22.74
1257 2022 12 15 40780.40 482.352945 1808 58.74 6232 22.72
1258 2022 12 15 40780.40 482.733501 1808 58.74 6234 22.74
1259 2022 12 15 40780.40 483.113730 1808 58.74 6234 22.74
1260 2022 12 15 40781.40 483.493939 1807 58.71 6234 22.74
1261 2022 12 15 40781.40 483.874150 1808 58.74 6233 22.73
1262 2022 12 15 40781.40 484.254701 1808 58.74 6233 22.73
1263 2022 12 15 40782.40 484.635226 1807 58.71 6234 22.74
1264 2022 12 15 40782.40 485.015727 1807 58.71 6233 22.73
1265 2022 12 15 40783.40 485.396161 1808 58.74 6234 22.74
1266 2022 12 15 40783.40 485.776709 1808 58.74 6233 22.73
1267 2022 12 15 40783.40 486.157279 1807 58.71 6233 22.73
1268 2022 12 15 40784.40 486.537453 1807 58.71 6233 22.73
1269 2022 12 15 40784.40 486.917871 1807 58.71 6233 22.73
1270 2022 12 15 40784.40 487.298101 1807 58.71 6234 22.74
1271 2022 12 15 40785.40 487.678675 1807 58.71 6234 22.74
1272 2022 12 15 40785.40 488.058908 1807 58.71 6234 22.74
1273 2022 12 15 40786.40 488.439368 1808 58.74 6234 22.74
1274 2022 12 15 40786.40 488.819783 1807 58.71 6234 22.74
1275 2022 12 15 40786.40 489.200023 1808 58.74 6235 22.75
1276 2022 12 15 40787.40 489.580278 1807 58.71 6233 22.73
1277 2022 12 15 40787.40 489.960616 1807 58.71 6234 22.74
1278 2022 12 15 40788.40 490.340952 1807 58.71 6233 22.73
1279 2022 12 15 40788.40 490.721178 1808 58.74 6234 22.74
1280 2022 12 15 40788.40 491.101394 1807 58.71 6234 22.74
1281 2022 12 15 40789.40 491.481941 1808 58.74 6233 22.73
1282 2022 12 15 40789.40 491.862295 1807 58.71 6233 22.73
1283 2022 12 15 40789.40 492.242608 1807 58.71 6234 22.74
1284 2022 12 15 40790.40 492.623195 1807 58.71 6234 22.74
1285 2022 12 15 40790.40 493.003709 1807 58.71 6234 22.74
1286 2022 12 15 40791.40 493.384178 1807 58.71 6234 22.74
1287 2022 12 15 40791.40 493.764380 1807 58.71 6233 22.73
1288 2022 12 15 40791.40 494.144751 1807 58.71 6233 22.73
1289 2022 12 15 40792.40 494.525301 1808 58.74 6234 22.74
1290 2022 12 15 40792.40 494.905498 1807 58.71 6233 22.73
1291 2022 12 15 40792.40 495.285908 1807 58.71 6234 22.74
1292 2022 12 15 40793.40 495.666340 1807 58.71 6234 22.74
1293 2022 12 15 40793.40 496.046924 1806 58.68 6234 22.74
1294 2022 12 15 40794.40 496.427480 1806 58.68 6234 22.74
1295 2022 12 15 40794.40 496.807980 1807 58.71 6234 22.74
1296 2022 12 15 40794.40 497.188277 1807 58.71 6234 22.74
1297 2022 12 15 40795.40 497.568902 1807 58.71 6234 22.74
1298 2022 12 15 40795.40 497.949122 1806 58.68 6234 22.74
1299 2022 12 15 40795.40 498.329648 1807 58.71 6234 22.74
1300 2022 12 15 40796.40 498.710096 1807 58.71 6234 22.74
1301 2022 12 15 40797.00 499.071278 1807 58.71 6234 22.74
1302 2022 12 15 40797.40 499.471278 1807 58.71 6233 22.73
1303 2022 12 15 40797.40 499.851490 1807 58.71 6233 22.73
1304 2022 12 15 40797.40 500.231675 1806 58.68 6234 22.74
1305 2022 12 15 40798.40 500.612073 1807 58.71 6234 22.74
1306 2022 12 15 40799.00 500.973188 1807 58.71 6233 22.73
1307 2022 12 15 40799.00 501.353606 1806 58.68 6234 22.74
1308 2022 12 15 40799.00 501.733833 1807 58.71 6233 22.73
1309 2022 12 15 40800.00 502.114047 1807 58.71 6234 22.74
1310 2022 12 15 40800.00 502.494270 1807 58.71 6233 22.73
1311 2022 12 15 40800.00 502.874414 1807 58.71 6234 22.74
1312 2022 12 15 40801.00 503.254618 1806 58.68 6234 22.74
1313 2022 12 15 40801.00 503.634937 1806 58.68 6233 22.73
1314 2022 12 15 40802.00 504.015392 1806 58.68 6234 22.74
1315 2022 12 15 40802.00 504.395566 1807 58.71 6235 22.75
1316 2022 12 15 40802.00 504.775714 1807 58.71 6234 22.74
1317 2022 12 15 40803.00 505.155884 1806 58.68 6232 22.72
1318 2022 12 15 40803.00 505.536106 1807 58.71 6234 22.74
1319 2022 12 15 40803.00 505.916331 1807 58.71 6234 22.74
1320 2022 12 15 40804.00 506.296543 1806 58.68 6235 22.75
1321 2022 12 15 40804.00 506.676768 1807 58.71 6234 22.74
1322 2022 12 15 40805.00 507.056990 1806 58.68 6234 22.74
1323 2022 12 15 40805.00 507.437397 1806 58.68 6234 22.74
1324 2022 12 15 40805.00 507.817951 1807 58.71 6235 22.75
1325 2022 12 15 40806.00 508.198439 1806 58.68 6235 22.75
1326 2022 12 15 40806.00 508.579079 1806 58.68 6234 22.74
1327 2022 12 15 40807.00 508.959702 1806 58.68 6235 22.75
1328 2022 12 15 40807.00 509.339910 1806 58.68 6235 22.75
1329 2022 12 15 40807.00 509.720426 1806 58.68 6235 22.75
1330 2022 12 15 40808.00 510.100623 1806 58.68 6236 22.76
1331 2022 12 15 40808.00 510.480807 1806 58.68 6234 22.74
1332 2022 12 15 40808.00 510.861001 1807 58.71 6235 22.75
1333 2022 12 15 40809.00 511.241188 1806 58.68 6234 22.74
1334 2022 12 15 40809.00 511.621404 1806 58.68 6234 22.74
1335 2022 12 15 40810.00 512.001691 1806 58.68 6234 22.74
1336 2022 12 15 40810.00 512.381811 1806 58.68 6233 22.73
1337 2022 12 15 40810.00 512.762029 1806 58.68 6235 22.75
1338 2022 12 15 40811.00 513.142247 1806 58.68 6234 22.74
1339 2022 12 15 40811.00 513.522482 1806 58.68 6234 22.74
1340 2022 12 15 40811.00 513.902709 1806 58.68 6234 22.74
1341 2022 12 15 40812.00 514.282958 1806 58.68 6234 22.74
1342 2022 12 15 40812.00 514.663472 1807 58.71 6234 22.74
1343 2022 12 15 40813.00 515.043716 1806 58.68 6234 22.74
1344 2022 12 15 40813.00 515.424204 1806 58.68 6234 22.74
1345 2022 12 15 40813.00 515.804617 1806 58.68 6236 22.76
1346 2022 12 15 40814.00 516.184870 1806 58.68 6234 22.74
1347 2022 12 15 40814.00 516.565324 1807 58.71 6234 22.74
1348 2022 12 15 40815.00 516.945952 1806 58.68 6234 22.74
1349 2022 12 15 40815.00 517.326486 1806 58.68 6234 22.74
1350 2022 12 15 40815.00 517.707031 1806 58.68 6235 22.75
1351 2022 12 15 40816.00 518.087518 1806 58.68 6236 22.76
1352 2022 12 15 40816.00 518.467814 1806 58.68 6235 22.75
1353 2022 12 15 40816.00 518.848417 1806 58.68 6236 22.76
1354 2022 12 15 40817.00 519.228630 1806 58.68 6234 22.74
1355 2022 12 15 40817.00 519.608866 1806 58.68 6235 22.75
1356 2022 12 15 40818.00 519.989301 1806 58.68 6235 22.75
1357 2022 12 15 40818.00 520.369912 1806 58.68 6234 22.74
1358 2022 12 15 40818.00 520.750349 1806 58.68 6236 22.76
1359 2022 12 15 40819.00 521.130875 1806 58.68 6234 22.74
1360 2022 12 15 40819.00 521.511412 1806 58.68 6236 22.76
1361 2022 12 15 40819.00 521.891743 1806 58.68 6234 22.74
1362 2022 12 15 40820.00 522.272216 1806 58.68 6235 22.75
1363 2022 12 15 40820.40 523.052722 1806 58.68 6234 22.74
1364 2022 12 15 40821.40 523.433224 1806 58.68 6235 22.75
1365 2022 12 15 40821.00 523.413721 1806 58.68 6235 22.75
1366 2022 12 15 40821.00 523.794060 1806 58.68 6234 22.74
1367 2022 12 15 40822.40 524.574677 1806 58.68 6234 22.74
1368 2022 12 15 40822.40 524.954921 1806 58.68 6236 22.76
1369 2022 12 15 40823.40 525.335149 1806 58.68 6233 22.73
1370 2022 12 15 40823.40 525.715666 1806 58.68 6234 22.74
1371 2022 12 15 40823.40 526.096299 1806 58.68 6234 22.74
1372 2022 12 15 40824.40 526.476461 1806 58.68 6234 22.74
1373 2022 12 15 40824.40 526.856873 1806 58.68 6234 22.74
1374 2022 12 15 40824.40 527.237209 1806 58.68 6235 22.75
1375 2022 12 15 40825.40 527.617846 1806 58.68 6234 22.74
1376 2022 12 15 40825.40 527.998448 1806 58.68 6234 22.74
1377 2022 12 15 40826.40 528.378943 1806 58.68 6234 22.74
1378 2022 12 15 40826.40 528.759368 1806 58.68 6234 22.74
1379 2022 12 15 40826.40 529.139578 1806 58.68 6234 22.74
1380 2022 12 15 40827.40 529.519754 1807 58.71 6234 22.74
1381 2022 12 15 40827.40 529.900135 1807 58.71 6234 22.74
1382 2022 12 15 40827.40 530.280643 1806 58.68 6234 22.74
1383 2022 12 15 40828.40 530.661072 1806 58.68 6234 22.74
1384 2022 12 15 40828.40 531.041506 1806 58.68 6234 22.74
1385 2022 12 15 40829.40 531.421735 1806 58.68 6234 22.74
1386 2022 12 15 40829.40 531.802285 1807 58.71 6234 22.74
1387 2022 12 15 40829.40 532.182489 1806 58.68 6234 22.74
1388 2022 12 15 40830.40 532.563097 1806 58.68 6234 22.74
1389 2022 12 15 40830.40 532.943487 1807 58.71 6234 22.74
1390 2022 12 15 40830.40 533.323982 1806 58.68 6234 22.74
1391 2022 12 15 40831.40 533.704215 1806 58.68 6234 22.74
1392 2022 12 15 40831.40 534.084488 1806 58.68 6234 22.74
1393 2022 12 15 40832.40 534.464731 1806 58.68 6234 22.74
1394 2022 12 15 40832.40 534.844941 1807 58.71 6234 22.74
1395 2022 12 15 40832.40 535.225446 1807 58.71 6233 22.73
1396 2022 12 15 40833.40 535.605687 1807 58.71 6234 22.74
1397 2022 12 15 40833.40 535.985883 1807 58.71 6234 22.74
1398 2022 12 15 40834.40 536.366466 1807 58.71 6234 22.74
1399 2022 12 15 40834.40 536.746696 1807 58.71 6235 22.75
1400 2022 12 15 40834.40 537.127046 1807 58.71 6234 22.74
1401 2022 12 15 40835.40 537.507292 1806 58.68 6234 22.74
1402 2022 12 15 40835.40 537.887497 1806 58.68 6234 22.74
1403 2022 12 15 40835.40 538.267885 1807 58.71 6234 22.74
1404 2022 12 15 40836.40 538.648309 1807 58.71 6235 22.75
1405 2022 12 15 40836.40 539.028733 1807 58.71 6232 22.72
1406 2022 12 15 40837.40 539.408932 1808 58.74 6234 22.74
1407 2022 12 15 40837.40 539.789438 1807 58.71 6233 22.73
1408 2022 12 15 40837.40 540.169673 1807 58.71 6233 22.73
1409 2022 12 15 40838.40 540.549992 1807 58.71 6234 22.74
1410 2022 12 15 40838.40 540.930229 1807 58.71 6234 22.74
1411 2022 12 15 40838.40 541.310833 1807 58.71 6233 22.73
1412 2022 12 15 40839.40 541.691210 1807 58.71 6234 22.74
1413 2022 12 15 40839.40 542.071627 1807 58.71 6233 22.73
1414 2022 12 15 40840.40 542.451852 1808 58.74 6234 22.74
1415 2022 12 15 40840.40 542.832067 1807 58.71 6234 22.74
1416 2022 12 15 40840.40 543.212292 1808 58.74 6234 22.74
1417 2022 12 15 40841.40 543.592490 1808 58.74 6233 22.73
1418 2022 12 15 40841.40 543.972776 1807 58.71 6234 22.74
1419 2022 12 15 40842.40 544.353386 1808 58.74 6233 22.73
1420 2022 12 15 40842.40 544.733974 1808 58.74 6234 22.74
1421 2022 12 15 40842.40 545.114519 1808 58.74 6233 22.73
1422 2022 12 15 40843.40 545.495011 1808 58.74 6233 22.73
1423 2022 12 15 40843.40 545.875173 1808 58.74 6234 22.74
1424 2022 12 15 40843.40 546.255787 1808 58.74 6233 22.73
1425 2022 12 15 40844.40 546.636347 1808 58.74 6234 22.74
1426 2022 12 15 40844.40 547.016584 1808 58.74 6233 22.73
1427 2022 12 15 40845.40 547.396878 1808 58.74 6233 22.73
1428 2022 12 15 40845.40 547.777351 1808 58.74 6233 22.73
1429 2022 12 15 40845.40 548.157858 1808 58.74 6232 22.72
1430 2022 12 15 40846.40 548.538204 1808 58.74 6234 22.74
1431 2022 12 15 40846.40 548.918685 1809 58.77 6233 22.73
1432 2022 12 15 40846.40 549.298936 1808 58.74 6234 22.74
1433 2022 12 15 40847.40 549.679166 1808 58.74 6232 22.72
1434 2022 12 15 40847.40 550.059381 1808 58.74 6233 22.73
1435 2022 12 15 40848.40 550.439889 1808 58.74 6233 22.73
1436 2022 12 15 40848.40 550.820119 1808 58.74 6234 22.74
1437 2022 12 15 40848.40 551.200774 1808 58.74 6234 22.74
1438 2022 12 15 40849.40 551.581406 1808 58.74 6232 22.72
1439 2022 12 15 40849.40 551.961890 1809 58.77 6234 22.74
1440 2022 12 15 40850.40 552.342309 1809 58.77 6233 22.73
1441 2022 12 15 40850.40 552.722793 1809 58.77 6232 22.72
1442 2022 12 15 40850.40 553.103282 1809 58.77 6233 22.73
1443 2022 12 15 40851.40 553.483503 1809 58.77 6232 22.72
1444 2022 12 15 40851.40 553.863977 1809 58.77 6233 22.73
1445 2022 12 15 40851.40 554.244363 1808 58.74 6232 22.72
1446 2022 12 15 40852.40 554.624726 1809 58.77 6232 22.72
1447 2022 12 15 40852.40 555.005037 1809 58.77 6232 22.72
1448 2022 12 15 40853.40 555.385498 1809 58.77 6232 22.72
1449 2022 12 15 40853.40 555.765914 1809 58.77 6232 22.72
1450 2022 12 15 40853.40 556.146067 1810 58.80 6232 22.72
1451 2022 12 15 40854.40 556.526658 1810 58.80 6233 22.73
1452 2022 12 15 40854.40 556.906979 1809 58.77 6232 22.72
1453 2022 12 15 40854.40 557.287325 1810 58.80 6232 22.72
1454 2022 12 15 40855.40 557.667672 1810 58.80 6233 22.73
1455 2022 12 15 40855.40 558.047880 1810 58.80 6232 22.72
1456 2022 12 15 40856.40 558.428456 1809 58.77 6232 22.72
1457 2022 12 15 40856.40 558.808911 1810 58.80 6234 22.74
1458 2022 12 15 40856.40 559.189113 1810 58.80 6233 22.73
1459 2022 12 15 40857.40 559.569639 1810 58.80 6232 22.72
1460 2022 12 15 40857.40 559.949816 1809 58.77 6231 22.71
1461 2022 12 15 40857.40 560.330256 1810 58.80 6231 22.71
1462 2022 12 15 40858.40 560.710715 1810 58.80 6231 22.71
1463 2022 12 15 40858.40 561.090931 1809 58.77 6232 22.72
1464 2022 12 15 40859.40 561.471484 1809 58.77 6232 22.72
1465 2022 12 15 40859.40 561.851999 1810 58.80 6232 22.72
1466 2022 12 15 40859.40 562.232511 1810 58.80 6231 22.71
1467 2022 12 15 40860.40 562.612721 1810 58.80 6232 22.72
1468 2022 12 15 40860.40 562.992925 1810 58.80 6232 22.72
1469 2022 12 15 40861.40 563.373131 1810 58.80 6232 22.72
1470 2022 12 15 40861.40 563.753337 1810 58.80 6231 22.71
1471 2022 12 15 40861.40 564.133551 1810 58.80 6232 22.72
1472 2022 12 15 40862.40 564.513769 1810 58.80 6232 22.72
1473 2022 12 15 40862.40 564.893994 1810 58.80 6232 22.72
1474 2022 12 15 40862.40 565.274219 1810 58.80 6232 22.72
1475 2022 12 15 40863.40 565.654481 1810 58.80 6232 22.72
1476 2022 12 15 40863.40 566.034696 1810 58.80 6232 22.72
1477 2022 12 15 40864.40 566.414915 1810 58.80 6232 22.72
1478 2022 12 15 40864.40 566.795129 1810 58.80 6232 22.72
1479 2022 12 15 40864.40 567.175357 1810 58.80 6232 22.72
1480 2022 12 15 40865.40 567.555576 1810 58.80 6232 22.72
1481 2022 12 15 40865.40 567.936209 1810 58.80 6232 22.72
1482 2022 12 15 40865.40 568.316507 1810 58.80 6232 22.72
1483 2022 12 15 40866.40 568.697030 1810 58.80 6231 22.71
1484 2022 12 15 40866.40 569.077516 1809 58.77 6231 22.71
1485 2022 12 15 40867.40 569.457952 1810 58.80 6232 22.72
1486 2022 12 15 40867.40 569.838468 1810 58.80 6232 22.72
1487 2022 12 15 40867.40 570.218877 1810 58.80 6232 22.72
1488 2022 12 15 40868.40 570.599387 1810 58.80 6231 22.71
1489 2022 12 15 40868.40 570.979760 1810 58.80 6232 22.72
1490 2022 12 15 40869.40 571.360211 1810 58.80 6232 22.72
1491 2022 12 15 40869.40 571.740758 1810 58.80 6230 22.70
1492 2022 12 15 40869.40 572.121295 1810 58.80 6231 22.71
1493 2022 12 15 40870.40 572.501773 1810 58.80 6231 22.71
1494 2022 12 15 40870.40 572.882391 1810 58.80 6232 22.72
1495 2022 12 15 40870.40 573.262691 1810 58.80 6232 22.72
1496 2022 12 15 40871.40 573.643239 1810 58.80 6232 22.72
1497 2022 12 15 40871.40 574.023764 1809 58.77 6231 22.71
1498 2022 12 15 40872.40 574.404214 1810 58.80 6231 22.71
1499 2022 12 15 40872.40 574.784852 1810 58.80 6232 22.72
1500 2022 12 15 40872.40 575.165254 1810 58.80 6232 22.72
1501 2022 12 15 40873.40 575.545809 1810 58.80 6231 22.71
1502 2022 12 15 40873.40 575.926239 1810 58.80 6232 22.72
1503 2022 12 15 40873.40 576.306454 1810 58.80 6232 22.72
1504 2022 12 15 40874.40 576.686681 1810 58.80 6231 22.71
1505 2022 12 15 40874.40 577.067121 1810 58.80 6232 22.72
1506 2022 12 15 40875.40 577.447626 1810 58.80 6232 22.72
1507 2022 12 15 40875.40 577.828057 1810 58.80 6232 22.72
1508 2022 12 15 40875.40 578.208439 1810 58.80 6233 22.73
1509 2022 12 15 40876.40 578.588954 1810 58.80 6232 22.72
1510 2022 12 15 40876.40 578.969486 1810 58.80 6232 22.72
1511 2022 12 15 40877.40 579.349677 1810 58.80 6233 22.73
1512 2022 12 15 40877.40 579.730287 1810 58.80 6233 22.73
1513 2022 12 15 40877.40 580.110520 1810 58.80 6232 22.72
1514 2022 12 15 40878.40 580.491066 1810 58.80 6233 22.73
1515 2022 12 15 40878.40 580.871288 1810 58.80 6233 22.73
1516 2022 12 15 40878.40 581.251502 1810 58.80 6232 22.72
1517 2022 12 15 40879.00 581.612181 1810 58.80 6233 22.73
1518 2022 12 15 40880.00 581.992337 1810 58.80 6232 22.72
1519 2022 12 15 40880.00 582.372796 1810 58.80 6234 22.74
1520 2022 12 15 40880.00 582.753281 1810 58.80 6232 22.72
1521 2022 12 15 40881.00 583.133462 1810 58.80 6234 22.74
1522 2022 12 15 40881.00 583.513878 1810 58.80 6232 22.72
1523 2022 12 15 40881.00 583.894369 1810 58.80 6233 22.73
1524 2022 12 15 40882.00 584.274745 1810 58.80 6233 22.73
1525 2022 12 15 40882.00 584.655075 1810 58.80 6233 22.73
1526 2022 12 15 40883.00 585.035275 1811 58.83 6234 22.74
1527 2022 12 15 40883.00 585.415427 1810 58.80 6234 22.74
1528 2022 12 15 40883.00 585.795621 1811 58.83 6233 22.73
1529 2022 12 15 40884.00 586.175811 1811 58.83 6234 22.74
1530 2022 12 15 40884.00 586.556042 1810 58.80 6234 22.74
1531 2022 12 15 40885.00 586.936287 1811 58.83 6233 22.73
1532 2022 12 15 40885.00 587.316512 1811 58.83 6234 22.74
1533 2022 12 15 40885.00 587.696728 1810 58.80 6233 22.73
1534 2022 12 15 40886.00 588.076948 1811 58.83 6232 22.72
1535 2022 12 15 40886.00 588.457164 1810 58.80 6233 22.73
1536 2022 12 15 40886.00 588.837356 1810 58.80 6234 22.74
1537 2022 12 15 40887.00 589.217591 1810 58.80 6234 22.74
1538 2022 12 15 40887.00 589.597816 1810 58.80 6232 22.72
1539 2022 12 15 40888.00 589.978040 1810 58.80 6234 22.74
1540 2022 12 15 40888.00 590.358306 1810 58.80 6233 22.73
1541 2022 12 15 40888.00 590.738745 1810 58.80 6232 22.72
1542 2022 12 15 40889.00 591.119317 1810 58.80 6233 22.73
1543 2022 12 15 40889.00 591.499852 1810 58.80 6232 22.72
1544 2022 12 15 40889.00 591.880110 1810 58.80 6233 22.73
1545 2022 12 15 40890.00 592.260592 1810 58.80 6232 22.72
1546 2022 12 15 40890.00 592.641127 1810 58.80 6233 22.73
1547 2022 12 15 40891.00 593.021593 1809 58.77 6233 22.73
1548 2022 12 15 40891.00 593.402154 1810 58.80 6232 22.72
1549 2022 12 15 40891.00 593.782675 1810 58.80 6234 22.74
1550 2022 12 15 40892.00 594.163092 1810 58.80 6234 22.74
1551 2022 12 15 40892.00 594.543705 1810 58.80 6234 22.74
1552 2022 12 15 40892.00 594.923901 1810 58.80 6233 22.73
1553 2022 12 15 40893.00 595.304452 1810 58.80 6234 22.74
1554 2022 12 15 40893.00 595.684693 1810 58.80 6233 22.73
1555 2022 12 15 40894.00 596.065319 1810 58.80 6232 22.72
1556 2022 12 15 40894.00 596.445590 1810 58.80 6233 22.73
1557 2022 12 15 40894.00 596.825913 1809 58.77 6233 22.73
1558 2022 12 15 40895.00 597.206118 1810 58.80 6232 22.72
1559 2022 12 15 40895.00 597.586465 1810 58.80 6232 22.72
1560 2022 12 15 40896.00 597.966747 1810 58.80 6232 22.72
1561 2022 12 15 40896.00 598.347059 1810 58.80 6233 22.73
1562 2022 12 15 40896.00 598.727491 1810 58.80 6234 22.74
1563 2022 12 15 40897.00 599.107893 1810 58.80 6232 22.72
1564 2022 12 15 40897.00 599.488409 1810 58.80 6232 22.72
1565 2022 12 15 40897.00 599.868927 1810 58.80 6232 22.72
1566 2022 12 15 40898.00 600.249468 1810 58.80 6232 22.72
1567 2022 12 15 40898.00 600.629900 1810 58.80 6231 22.71
