n anno mese giorno hum_int time RH_raw RH_true temp_int temp_corr
0 2022 12 15 42852.00 0.781275 1811 55.31 6234 22.74
1 2022 12 15 42852.40 1.181275 1810 58.80 6235 22.75
2 2022 12 15 42852.40 1.962100 1811 58.84 6235 22.75
3 2022 12 15 42852.80 2.362100 1810 58.80 6236 22.76
4 2022 12 15 42853.40 2.742811 1811 58.84 6236 22.76
5 2022 12 15 42853.80 3.142811 1811 58.84 6236 22.76
6 2022 12 15 42854.40 3.523398 1811 58.84 6235 22.75
7 2022 12 15 42854.80 3.923398 1810 58.80 6236 22.76
8 2022 12 15 42855.40 4.303918 1811 58.84 6235 22.75
9 2022 12 15 42855.80 4.703918 1811 58.84 6236 22.76
10 2022 12 15 42855.40 5.084732 1811 58.84 6237 22.77
11 2022 12 15 42855.80 5.484732 1811 58.84 6236 22.76
12 2022 12 15 42856.40 5.865115 1811 58.84 6235 22.75
13 2022 12 15 42856.80 6.265115 1810 58.80 6236 22.76
14 2022 12 15 42857.40 6.645772 1811 58.84 6236 22.76
15 2022 12 15 42857.80 7.045772 1810 58.81 6236 22.76
16 2022 12 15 42858.40 7.426348 1811 58.84 6236 22.76
17 2022 12 15 42858.80 7.826348 1811 58.84 6235 22.75
18 2022 12 15 42859.40 8.207163 1811 58.84 6236 22.76
19 2022 12 15 42859.80 8.607163 1811 58.84 6235 22.75
20 2022 12 15 42859.40 8.987544 1811 58.84 6236 22.76
21 2022 12 15 42859.80 9.387544 1811 58.84 6236 22.76
22 2022 12 15 42860.40 9.767882 1811 58.84 6235 22.75
23 2022 12 15 42860.80 10.167882 1811 58.84 6236 22.76
24 2022 12 15 42861.40 10.548489 1811 58.84 6236 22.76
25 2022 12 15 42861.80 10.948489 1811 58.84 6235 22.75
26 2022 12 15 42862.40 11.328872 1811 58.84 6236 22.76
27 2022 12 15 42862.80 11.728872 1811 58.84 6235 22.75
28 2022 12 15 42862.40 12.109516 1810 58.80 6236 22.76
29 2022 12 15 42862.80 12.509516 1811 58.84 6235 22.75
30 2022 12 15 42863.40 12.890246 1811 58.84 6236 22.76
31 2022 12 15 42863.80 13.290246 1810 58.81 6235 22.75
32 2022 12 15 42864.40 13.670950 1811 58.84 6235 22.75
33 2022 12 15 42864.80 14.070950 1810 58.80 6235 22.75
34 2022 12 15 42865.00 14.051602 1811 58.84 6235 22.75
35 2022 12 15 42865.40 14.451602 1810 58.80 6236 22.76
36 2022 12 15 42866.00 14.832296 1810 58.81 6236 22.76
37 2022 12 15 42866.40 15.232296 1810 58.81 6236 22.76
38 2022 12 15 42866.00 15.612993 1811 58.84 6235 22.75
39 2022 12 15 42866.40 16.012993 1810 58.80 6235 22.75
40 2022 12 15 42867.00 16.393706 1810 58.80 6236 22.76
41 2022 12 15 42867.40 16.793706 1810 58.81 6235 22.75
42 2022 12 15 42868.00 17.174085 1810 58.80 6236 22.76
43 2022 12 15 42868.40 17.574085 1810 58.81 6235 22.75
44 2022 12 15 42869.00 17.954459 1810 58.80 6235 22.75
45 2022 12 15 42869.40 18.354459 1810 58.80 6235 22.75
46 2022 12 15 42869.80 18.754459 1810 58.80 6235 22.75
47 2022 12 15 42870.40 19.135270 1810 58.80 6236 22.76
48 2022 12 15 42870.80 19.535270 1810 58.81 6234 22.74
49 2022 12 15 42870.40 19.915823 1810 58.80 6235 22.75
50 2022 12 15 42870.80 20.315823 1810 58.80 6234 22.74
51 2022 12 15 42871.40 20.696267 1810 58.80 6235 22.75
52 2022 12 15 42871.80 21.096267 1810 58.80 6234 22.74
53 2022 12 15 42872.40 21.476865 1810 58.80 6235 22.75
54 2022 12 15 42872.80 21.876865 1810 58.80 6235 22.75
55 2022 12 15 42873.40 22.257436 1810 58.80 6235 22.75
56 2022 12 15 42873.80 22.657436 1811 58.84 6236 22.76
57 2022 12 15 42873.40 23.037883 1810 58.81 6234 22.74
58 2022 12 15 42873.80 23.437883 1810 58.80 6236 22.76
59 2022 12 15 42874.40 23.818376 1810 58.81 6236 22.76
60 2022 12 15 42874.80 24.218376 1810 58.81 6236 22.76
61 2022 12 15 42875.40 24.599091 1810 58.81 6235 22.75
62 2022 12 15 42875.80 24.999091 1810 58.80 6236 22.76
63 2022 12 15 42876.40 25.379490 1810 58.81 6235 22.75
64 2022 12 15 42876.80 25.779490 1810 58.80 6236 22.76
65 2022 12 15 42877.40 26.159836 1810 58.81 6236 22.76
66 2022 12 15 42877.80 26.559836 1810 58.81 6234 22.74
67 2022 12 15 42877.40 26.940497 1810 58.80 6236 22.76
68 2022 12 15 42877.80 27.340497 1810 58.81 6235 22.75
69 2022 12 15 42878.40 27.720952 1810 58.80 6234 22.74
70 2022 12 15 42878.80 28.120952 1810 58.80 6234 22.74
71 2022 12 15 42879.40 28.501365 1810 58.80 6236 22.76
72 2022 12 15 42879.80 28.901365 1810 58.81 6236 22.76
73 2022 12 15 42880.40 29.281849 1810 58.81 6235 22.75
74 2022 12 15 42880.80 29.681849 1810 58.80 6235 22.75
75 2022 12 15 42880.40 30.062495 1810 58.80 6234 22.74
76 2022 12 15 42880.80 30.462495 1810 58.80 6235 22.75
77 2022 12 15 42881.40 30.843013 1810 58.80 6234 22.74
78 2022 12 15 42881.80 31.243013 1810 58.80 6234 22.74
79 2022 12 15 42882.40 31.623538 1810 58.80 6234 22.74
80 2022 12 15 42882.80 32.023538 1811 58.83 6235 22.75
81 2022 12 15 42883.00 32.004089 1811 58.84 6235 22.75
82 2022 12 15 42883.40 32.404089 1811 58.84 6234 22.74
83 2022 12 15 42884.00 32.784505 1811 58.83 6235 22.75
84 2022 12 15 42884.40 33.184505 1811 58.84 6235 22.75
85 2022 12 15 42884.00 33.565090 1810 58.80 6235 22.75
86 2022 12 15 42884.40 33.965090 1810 58.80 6235 22.75
87 2022 12 15 42885.00 34.345706 1811 58.84 6234 22.74
88 2022 12 15 42885.40 34.745706 1811 58.83 6234 22.74
89 2022 12 15 42886.00 35.125904 1811 58.83 6235 22.75
90 2022 12 15 42886.40 35.525904 1811 58.84 6235 22.75
91 2022 12 15 42887.00 35.906296 1810 58.80 6234 22.74
92 2022 12 15 42887.40 36.306296 1811 58.83 6235 22.75
93 2022 12 15 42887.00 36.686838 1811 58.84 6236 22.76
94 2022 12 15 42887.40 37.086838 1811 58.84 6234 22.74
95 2022 12 15 42887.80 37.486838 1811 58.83 6235 22.75
96 2022 12 15 42888.40 37.867525 1811 58.84 6235 22.75
97 2022 12 15 42888.80 38.267525 1811 58.84 6234 22.74
98 2022 12 15 42889.40 38.647985 1811 58.83 6235 22.75
99 2022 12 15 42889.80 39.047985 1810 58.80 6234 22.74
100 2022 12 15 42890.40 39.428489 1811 58.83 6234 22.74
101 2022 12 15 42890.80 39.828489 1811 58.83 6235 22.75
102 2022 12 15 42891.40 40.208768 1811 58.84 6236 22.76
103 2022 12 15 42891.80 40.608768 1811 58.84 6235 22.75
104 2022 12 15 42891.40 40.988993 1811 58.84 6235 22.75
105 2022 12 15 42891.80 41.388993 1810 58.80 6234 22.74
106 2022 12 15 42892.40 41.769536 1811 58.83 6235 22.75
107 2022 12 15 42892.80 42.169536 1811 58.84 6235 22.75
108 2022 12 15 42893.40 42.550104 1811 58.84 6235 22.75
109 2022 12 15 42893.80 42.950104 1811 58.84 6234 22.74
110 2022 12 15 42894.40 43.330569 1811 58.83 6234 22.74
111 2022 12 15 42894.80 43.730569 1812 58.86 6235 22.75
112 2022 12 15 42894.40 44.111110 1811 58.84 6234 22.74
113 2022 12 15 42894.80 44.511110 1811 58.83 6234 22.74
114 2022 12 15 42895.40 44.891585 1811 58.83 6235 22.75
115 2022 12 15 42895.80 45.291585 1812 58.87 6234 22.74
116 2022 12 15 42896.40 45.672172 1812 58.86 6234 22.74
117 2022 12 15 42896.80 46.072172 1812 58.86 6234 22.74
118 2022 12 15 42897.40 46.452724 1812 58.86 6234 22.74
119 2022 12 15 42897.80 46.852724 1811 58.83 6234 22.74
120 2022 12 15 42898.40 47.233197 1812 58.86 6234 22.74
121 2022 12 15 42898.80 47.633197 1812 58.86 6234 22.74
122 2022 12 15 42898.40 48.013736 1812 58.86 6233 22.73
123 2022 12 15 42898.80 48.413736 1812 58.86 6234 22.74
124 2022 12 15 42899.40 48.794306 1812 58.86 6234 22.74
125 2022 12 15 42899.80 49.194306 1812 58.86 6234 22.74
126 2022 12 15 42900.40 49.574562 1812 58.86 6234 22.74
127 2022 12 15 42900.80 49.974562 1812 58.86 6233 22.73
128 2022 12 15 42901.40 50.354813 1812 58.86 6234 22.74
129 2022 12 15 42901.80 50.754813 1812 58.86 6233 22.73
130 2022 12 15 42902.00 50.735022 1812 58.86 6235 22.75
131 2022 12 15 42902.40 51.135022 1812 58.87 6233 22.73
132 2022 12 15 42902.00 51.515297 1812 58.86 6233 22.73
133 2022 12 15 42902.40 51.915297 1812 58.86 6233 22.73
134 2022 12 15 42903.00 52.295566 1812 58.86 6233 22.73
135 2022 12 15 42903.40 52.695566 1812 58.86 6234 22.74
136 2022 12 15 42904.00 53.075768 1812 58.86 6233 22.73
137 2022 12 15 42904.40 53.475768 1812 58.86 6234 22.74
138 2022 12 15 42905.00 53.856030 1812 58.86 6234 22.74
139 2022 12 15 42905.40 54.256030 1813 58.90 6234 22.74
140 2022 12 15 42905.00 54.636426 1812 58.86 6233 22.73
141 2022 12 15 42905.40 55.036426 1812 58.86 6233 22.73
142 2022 12 15 42906.00 55.416991 1812 58.86 6233 22.73
143 2022 12 15 42906.40 55.816991 1812 58.86 6233 22.73
144 2022 12 15 42906.80 56.216991 1812 58.86 6233 22.73
145 2022 12 15 42907.40 56.597437 1813 58.89 6234 22.74
146 2022 12 15 42907.80 56.997437 1812 58.86 6234 22.74
147 2022 12 15 42908.40 57.377913 1812 58.86 6234 22.74
148 2022 12 15 42908.80 57.777913 1812 58.86 6232 22.72
149 2022 12 15 42909.40 58.158394 1812 58.86 6234 22.74
150 2022 12 15 42909.80 58.558394 1812 58.86 6234 22.74
151 2022 12 15 42909.40 58.938923 1812 58.86 6234 22.74
152 2022 12 15 42909.80 59.338923 1812 58.86 6233 22.73
153 2022 12 15 42910.40 59.719422 1812 58.86 6234 22.74
154 2022 12 15 42910.80 60.119422 1812 58.86 6234 22.74
155 2022 12 15 42911.40 60.499944 1812 58.86 6234 22.74
156 2022 12 15 42911.80 60.899944 1812 58.86 6235 22.75
157 2022 12 15 42912.40 61.280357 1812 58.87 6235 22.75
158 2022 12 15 42912.80 61.680357 1812 58.87 6234 22.74
159 2022 12 15 42912.40 62.061035 1812 58.86 6233 22.73
160 2022 12 15 42912.80 62.461035 1812 58.86 6233 22.73
161 2022 12 15 42913.40 62.841420 1812 58.86 6233 22.73
162 2022 12 15 42913.80 63.241420 1812 58.86 6234 22.74
163 2022 12 15 42914.40 63.621915 1812 58.86 6234 22.74
164 2022 12 15 42914.80 64.021915 1812 58.86 6233 22.73
165 2022 12 15 42915.40 64.402423 1812 58.86 6234 22.74
166 2022 12 15 42915.80 64.802423 1812 58.86 6233 22.73
167 2022 12 15 42916.40 65.182911 1812 58.86 6234 22.74
168 2022 12 15 42916.80 65.582911 1812 58.86 6234 22.74
169 2022 12 15 42916.40 65.963149 1812 58.86 6232 22.72
170 2022 12 15 42916.80 66.363149 1812 58.86 6234 22.74
171 2022 12 15 42917.40 66.743370 1812 58.86 6234 22.74
172 2022 12 15 42917.80 67.143370 1812 58.86 6234 22.74
173 2022 12 15 42918.40 67.523653 1812 58.86 6234 22.74
174 2022 12 15 42918.80 67.923653 1812 58.86 6234 22.74
175 2022 12 15 42919.40 68.303901 1812 58.86 6234 22.74
176 2022 12 15 42919.80 68.703901 1812 58.86 6233 22.73
177 2022 12 15 42919.00 68.684176 1812 58.86 6234 22.74
178 2022 12 15 42919.40 69.084176 1812 58.86 6234 22.74
179 2022 12 15 42920.00 69.464462 1812 58.86 6234 22.74
180 2022 12 15 42920.40 69.864462 1812 58.86 6234 22.74
181 2022 12 15 42921.00 70.244987 1812 58.86 6235 22.75
182 2022 12 15 42921.40 70.644987 1812 58.87 6234 22.74
183 2022 12 15 42922.00 71.025502 1812 58.86 6234 22.74
184 2022 12 15 42922.40 71.425502 1812 58.86 6235 22.75
185 2022 12 15 42923.00 71.806076 1812 58.87 6234 22.74
186 2022 12 15 42923.40 72.206076 1812 58.86 6234 22.74
187 2022 12 15 42923.00 72.586682 1812 58.86 6235 22.75
188 2022 12 15 42923.40 72.986682 1812 58.87 6234 22.74
189 2022 12 15 42924.00 73.367282 1812 58.86 6235 22.75
190 2022 12 15 42924.40 73.767282 1812 58.87 6234 22.74
191 2022 12 15 42925.00 74.147843 1812 58.86 6235 22.75
192 2022 12 15 42925.40 74.547843 1811 58.84 6234 22.74
193 2022 12 15 42925.80 74.947843 1812 58.86 6234 22.74
194 2022 12 15 42926.40 75.328307 1812 58.86 6234 22.74
195 2022 12 15 42926.80 75.728307 1811 58.83 6234 22.74
196 2022 12 15 42926.40 76.108774 1811 58.83 6235 22.75
197 2022 12 15 42926.80 76.508774 1812 58.87 6235 22.75
198 2022 12 15 42927.40 76.889136 1812 58.87 6235 22.75
199 2022 12 15 42927.80 77.289136 1811 58.84 6234 22.74
200 2022 12 15 42928.40 77.669639 1812 58.86 6234 22.74
201 2022 12 15 42928.80 78.069639 1812 58.86 6235 22.75
202 2022 12 15 42929.40 78.450160 1812 58.87 6234 22.74
203 2022 12 15 42929.80 78.850160 1812 58.86 6235 22.75
204 2022 12 15 42930.40 79.230470 1811 58.84 6234 22.74
205 2022 12 15 42930.80 79.630470 1812 58.86 6234 22.74
206 2022 12 15 42930.40 80.011052 1811 58.83 6234 22.74
207 2022 12 15 42930.80 80.411052 1812 58.86 6236 22.76
208 2022 12 15 42931.40 80.791648 1811 58.84 6235 22.75
209 2022 12 15 42931.80 81.191648 1811 58.84 6235 22.75
210 2022 12 15 42932.40 81.572161 1811 58.84 6235 22.75
211 2022 12 15 42932.80 81.972161 1811 58.84 6234 22.74
212 2022 12 15 42933.40 82.352598 1811 58.83 6235 22.75
213 2022 12 15 42933.80 82.752598 1811 58.84 6235 22.75
214 2022 12 15 42934.40 83.133255 1811 58.84 6234 22.74
215 2022 12 15 42934.80 83.533255 1811 58.83 6234 22.74
216 2022 12 15 42934.40 83.913845 1811 58.83 6234 22.74
217 2022 12 15 42934.80 84.313845 1811 58.83 6234 22.74
218 2022 12 15 42935.40 84.694322 1812 58.86 6234 22.74
219 2022 12 15 42935.80 85.094322 1812 58.86 6234 22.74
220 2022 12 15 42936.40 85.474717 1811 58.83 6235 22.75
221 2022 12 15 42936.80 85.874717 1812 58.87 6234 22.74
222 2022 12 15 42937.40 86.254973 1811 58.83 6235 22.75
223 2022 12 15 42937.80 86.654973 1812 58.87 6235 22.75
224 2022 12 15 42937.40 87.035396 1812 58.87 6235 22.75
225 2022 12 15 42937.80 87.435396 1812 58.87 6234 22.74
226 2022 12 15 42938.40 87.815923 1811 58.83 6234 22.74
227 2022 12 15 42938.80 88.215923 1812 58.86 6234 22.74
228 2022 12 15 42939.00 88.196129 1811 58.83 6235 22.75
229 2022 12 15 42939.40 88.596129 1811 58.84 6234 22.74
230 2022 12 15 42940.00 88.976403 1811 58.83 6235 22.75
231 2022 12 15 42940.40 89.376403 1812 58.87 6234 22.74
232 2022 12 15 42941.00 89.756668 1812 58.86 6234 22.74
233 2022 12 15 42941.40 90.156668 1811 58.83 6234 22.74
234 2022 12 15 42941.00 90.537238 1812 58.86 6235 22.75
235 2022 12 15 42941.40 90.937238 1812 58.87 6234 22.74
236 2022 12 15 42942.00 91.317539 1812 58.86 6234 22.74
237 2022 12 15 42942.40 91.717539 1812 58.86 6234 22.74
238 2022 12 15 42943.00 92.097826 1812 58.86 6234 22.74
239 2022 12 15 42943.40 92.497826 1812 58.86 6234 22.74
240 2022 12 15 42943.80 92.897826 1812 58.86 6234 22.74
241 2022 12 15 42944.40 93.278368 1812 58.86 6234 22.74
242 2022 12 15 42944.80 93.678368 1812 58.86 6234 22.74
243 2022 12 15 42944.40 94.058992 1812 58.86 6233 22.73
244 2022 12 15 42944.80 94.458992 1812 58.86 6233 22.73
245 2022 12 15 42945.40 94.839574 1812 58.86 6234 22.74
246 2022 12 15 42945.80 95.239574 1812 58.86 6234 22.74
247 2022 12 15 42946.40 95.619841 1812 58.86 6235 22.75
248 2022 12 15 42946.80 96.019841 1812 58.87 6234 22.74
249 2022 12 15 42947.40 96.400280 1812 58.86 6234 22.74
250 2022 12 15 42947.80 96.800280 1812 58.86 6234 22.74
251 2022 12 15 42948.40 97.180925 1812 58.86 6234 22.74
252 2022 12 15 42948.80 97.580925 1812 58.86 6234 22.74
253 2022 12 15 42948.40 97.961587 1812 58.86 6234 22.74
254 2022 12 15 42948.80 98.361587 1812 58.86 6234 22.74
255 2022 12 15 42949.40 98.741988 1812 58.86 6234 22.74
256 2022 12 15 42949.80 99.141988 1813 58.90 6234 22.74
257 2022 12 15 42950.40 99.522485 1813 58.90 6234 22.74
258 2022 12 15 42950.80 99.922485 1812 58.86 6233 22.73
259 2022 12 15 42951.40 100.302693 1812 58.86 6234 22.74
260 2022 12 15 42951.80 100.702693 1812 58.86 6233 22.73
261 2022 12 15 42951.40 101.082880 1812 58.86 6233 22.73
262 2022 12 15 42951.80 101.482880 1812 58.86 6235 22.75
263 2022 12 15 42952.40 101.863424 1813 58.90 6232 22.72
264 2022 12 15 42952.80 102.263424 1812 58.86 6233 22.73
265 2022 12 15 42953.40 102.643910 1812 58.86 6233 22.73
266 2022 12 15 42953.80 103.043910 1812 58.86 6234 22.74
267 2022 12 15 42954.40 103.424344 1812 58.86 6233 22.73
268 2022 12 15 42954.80 103.824344 1812 58.86 6234 22.74
269 2022 12 15 42955.40 104.204969 1812 58.86 6233 22.73
270 2022 12 15 42955.80 104.604969 1813 58.89 6234 22.74
271 2022 12 15 42955.40 104.985332 1812 58.86 6233 22.73
272 2022 12 15 42955.80 105.385332 1812 58.86 6233 22.73
273 2022 12 15 42956.40 105.765910 1813 58.89 6234 22.74
274 2022 12 15 42956.80 106.165910 1812 58.86 6234 22.74
275 2022 12 15 42957.00 106.146479 1812 58.86 6233 22.73
276 2022 12 15 42957.40 106.546479 1812 58.86 6233 22.73
277 2022 12 15 42958.00 106.926909 1812 58.86 6235 22.75
278 2022 12 15 42958.40 107.326909 1812 58.87 6234 22.74
279 2022 12 15 42958.00 107.707390 1812 58.86 6235 22.75
280 2022 12 15 42958.40 108.107390 1812 58.87 6234 22.74
281 2022 12 15 42959.00 108.487715 1812 58.86 6234 22.74
282 2022 12 15 42959.40 108.887715 1813 58.90 6233 22.73
283 2022 12 15 42960.00 109.267979 1813 58.89 6233 22.73
284 2022 12 15 42960.40 109.667979 1812 58.86 6233 22.73
285 2022 12 15 42961.00 110.048219 1813 58.89 6234 22.74
286 2022 12 15 42961.40 110.448219 1812 58.86 6233 22.73
287 2022 12 15 42962.00 110.828414 1812 58.86 6234 22.74
288 2022 12 15 42962.40 111.228414 1812 58.86 6234 22.74
289 2022 12 15 42962.80 111.628414 1812 58.86 6233 22.73
290 2022 12 15 42962.40 112.008750 1813 58.89 6233 22.73
291 2022 12 15 42962.80 112.408750 1812 58.86 6234 22.74
292 2022 12 15 42963.40 112.788976 1813 58.90 6234 22.74
293 2022 12 15 42963.80 113.188976 1812 58.86 6235 22.75
294 2022 12 15 42964.40 113.569299 1813 58.90 6234 22.74
295 2022 12 15 42964.80 113.969299 1812 58.86 6233 22.73
296 2022 12 15 42965.40 114.349663 1813 58.89 6234 22.74
297 2022 12 15 42965.80 114.749663 1813 58.90 6234 22.74
298 2022 12 15 42966.40 115.130339 1813 58.90 6233 22.73
299 2022 12 15 42966.80 115.530339 1813 58.89 6234 22.74
300 2022 12 15 42966.40 115.910916 1813 58.90 6232 22.72
301 2022 12 15 42966.80 116.310916 1813 58.89 6233 22.73
302 2022 12 15 42967.40 116.691437 1813 58.89 6232 22.72
303 2022 12 15 42967.80 117.091437 1813 58.89 6233 22.73
304 2022 12 15 42968.40 117.471905 1813 58.89 6232 22.72
305 2022 12 15 42968.80 117.871905 1813 58.89 6233 22.73
306 2022 12 15 42969.40 118.252107 1814 58.92 6232 22.72
307 2022 12 15 42969.80 118.652107 1813 58.89 6234 22.74
308 2022 12 15 42969.40 119.032484 1813 58.90 6233 22.73
309 2022 12 15 42969.80 119.432484 1814 58.92 6234 22.74
310 2022 12 15 42970.40 119.812890 1814 58.93 6234 22.74
311 2022 12 15 42970.80 120.212890 1814 58.93 6234 22.74
312 2022 12 15 42971.40 120.593391 1814 58.93 6233 22.73
313 2022 12 15 42971.80 120.993391 1814 58.92 6234 22.74
314 2022 12 15 42972.40 121.373639 1814 58.93 6234 22.74
315 2022 12 15 42972.80 121.773639 1814 58.93 6233 22.73
316 2022 12 15 42973.40 122.153999 1814 58.92 6233 22.73
317 2022 12 15 42973.80 122.553999 1813 58.89 6234 22.74
318 2022 12 15 42973.40 122.934500 1813 58.90 6233 22.73
319 2022 12 15 42973.80 123.334500 1814 58.92 6233 22.73
320 2022 12 15 42974.40 123.714739 1814 58.92 6232 22.72
321 2022 12 15 42974.80 124.114739 1814 58.92 6234 22.74
322 2022 12 15 42975.40 124.495146 1814 58.93 6234 22.74
323 2022 12 15 42975.80 124.895146 1814 58.93 6233 22.73
324 2022 12 15 42976.00 124.875861 1814 58.92 6232 22.72
325 2022 12 15 42976.40 125.275861 1814 58.92 6233 22.73
326 2022 12 15 42976.00 125.656436 1814 58.92 6233 22.73
327 2022 12 15 42976.40 126.056436 1814 58.92 6233 22.73
328 2022 12 15 42977.00 126.436993 1814 58.92 6233 22.73
329 2022 12 15 42977.40 126.836993 1814 58.92 6232 22.72
330 2022 12 15 42978.00 127.217521 1814 58.92 6233 22.73
331 2022 12 15 42978.40 127.617521 1814 58.92 6234 22.74
332 2022 12 15 42979.00 127.997930 1814 58.93 6233 22.73
333 2022 12 15 42979.40 128.397930 1814 58.92 6233 22.73
334 2022 12 15 42980.00 128.778199 1814 58.92 6233 22.73
335 2022 12 15 42980.40 129.178199 1814 58.92 6233 22.73
336 2022 12 15 42980.00 129.558704 1814 58.92 6233 22.73
337 2022 12 15 42980.40 129.958704 1815 58.96 6232 22.72
338 2022 12 15 42980.80 130.358704 1815 58.95 6233 22.73
339 2022 12 15 42981.40 130.739287 1814 58.92 6233 22.73
340 2022 12 15 42981.80 131.139287 1814 58.92 6233 22.73
341 2022 12 15 42982.40 131.519721 1815 58.96 6233 22.73
342 2022 12 15 42982.80 131.919721 1814 58.92 6233 22.73
343 2022 12 15 42983.40 132.300114 1814 58.92 6233 22.73
344 2022 12 15 42983.80 132.700114 1814 58.92 6233 22.73
345 2022 12 15 42983.40 133.080393 1814 58.92 6233 22.73
346 2022 12 15 42983.80 133.480393 1814 58.92 6232 22.72
347 2022 12 15 42984.40 133.860932 1814 58.92 6232 22.72
348 2022 12 15 42984.80 134.260932 1814 58.92 6233 22.73
349 2022 12 15 42985.40 134.641357 1814 58.92 6232 22.72
350 2022 12 15 42985.80 135.041357 1814 58.92 6232 22.72
351 2022 12 15 42986.40 135.421820 1814 58.92 6233 22.73
352 2022 12 15 42986.80 135.821820 1814 58.92 6233 22.73
353 2022 12 15 42987.40 136.202018 1814 58.92 6233 22.73
354 2022 12 15 42987.80 136.602018 1814 58.92 6233 22.73
355 2022 12 15 42987.40 136.982416 1814 58.92 6234 22.74
356 2022 12 15 42987.80 137.382416 1814 58.93 6233 22.73
357 2022 12 15 42988.40 137.762977 1814 58.92 6233 22.73
358 2022 12 15 42988.80 138.162977 1814 58.92 6233 22.73
359 2022 12 15 42989.40 138.543404 1814 58.92 6234 22.74
360 2022 12 15 42989.80 138.943404 1814 58.93 6234 22.74
361 2022 12 15 42990.40 139.324045 1814 58.93 6234 22.74
362 2022 12 15 42990.80 139.724045 1814 58.93 6234 22.74
363 2022 12 15 42990.40 140.104625 1814 58.93 6234 22.74
364 2022 12 15 42990.80 140.504625 1814 58.93 6235 22.75
365 2022 12 15 42991.40 140.885053 1814 58.93 6234 22.74
366 2022 12 15 42991.80 141.285053 1814 58.93 6234 22.74
367 2022 12 15 42992.40 141.665345 1814 58.93 6234 22.74
368 2022 12 15 42992.80 142.065345 1814 58.93 6234 22.74
369 2022 12 15 42993.40 142.445594 1814 58.93 6234 22.74
370 2022 12 15 42993.80 142.845594 1814 58.93 6234 22.74
371 2022 12 15 42994.00 142.825871 1814 58.93 6235 22.75
372 2022 12 15 42994.40 143.225871 1814 58.93 6234 22.74
373 2022 12 15 42994.00 143.606136 1814 58.93 6234 22.74
374 2022 12 15 42994.40 144.006136 1814 58.93 6234 22.74
375 2022 12 15 42995.00 144.386402 1814 58.93 6235 22.75
376 2022 12 15 42995.40 144.786402 1814 58.93 6234 22.74
377 2022 12 15 42996.00 145.166895 1814 58.93 6234 22.74
378 2022 12 15 42996.40 145.566895 1814 58.93 6235 22.75
379 2022 12 15 42997.00 145.947423 1815 58.96 6234 22.74
380 2022 12 15 42997.40 146.347423 1815 58.96 6233 22.73
381 2022 12 15 42998.00 146.728060 1814 58.92 6234 22.74
382 2022 12 15 42998.40 147.128060 1815 58.96 6234 22.74
383 2022 12 15 42998.00 147.508497 1815 58.96 6234 22.74
384 2022 12 15 42998.40 147.908497 1815 58.96 6234 22.74
385 2022 12 15 42998.80 148.308497 1814 58.93 6234 22.74
386 2022 12 15 42999.40 148.688801 1815 58.96 6234 22.74
387 2022 12 15 42999.80 149.088801 1814 58.93 6234 22.74
388 2022 12 15 43000.40 149.469015 1814 58.93 6234 22.74
389 2022 12 15 43000.80 149.869015 1814 58.93 6234 22.74
390 2022 12 15 43001.40 150.249271 1815 58.96 6234 22.74
391 2022 12 15 43001.80 150.649271 1815 58.96 6234 22.74
392 2022 12 15 43001.40 151.029505 1814 58.93 6234 22.74
393 2022 12 15 43001.80 151.429505 1815 58.96 6234 22.74
394 2022 12 15 43002.40 151.810015 1814 58.93 6234 22.74
395 2022 12 15 43002.80 152.210015 1814 58.93 6234 22.74
396 2022 12 15 43003.40 152.590489 1815 58.96 6234 22.74
397 2022 12 15 43003.80 152.990489 1815 58.96 6234 22.74
398 2022 12 15 43004.40 153.371144 1814 58.93 6236 22.76
399 2022 12 15 43004.80 153.771144 1814 58.93 6234 22.74
400 2022 12 15 43005.40 154.151781 1815 58.96 6234 22.74
401 2022 12 15 43005.80 154.551781 1814 58.93 6234 22.74
402 2022 12 15 43005.40 154.932266 1814 58.93 6234 22.74
403 2022 12 15 43005.80 155.332266 1814 58.93 6234 22.74
404 2022 12 15 43006.40 155.712803 1814 58.93 6234 22.74
405 2022 12 15 43006.80 156.112803 1814 58.93 6234 22.74
406 2022 12 15 43007.40 156.493167 1814 58.93 6234 22.74
407 2022 12 15 43007.80 156.893167 1815 58.96 6234 22.74
408 2022 12 15 43008.40 157.273733 1814 58.93 6234 22.74
409 2022 12 15 43008.80 157.673733 1814 58.93 6234 22.74
410 2022 12 15 43008.40 158.054215 1814 58.93 6234 22.74
411 2022 12 15 43008.80 158.454215 1814 58.93 6235 22.75
412 2022 12 15 43009.40 158.834474 1814 58.93 6234 22.74
413 2022 12 15 43009.80 159.234474 1814 58.93 6234 22.74
414 2022 12 15 43010.40 159.614899 1814 58.93 6234 22.74
415 2022 12 15 43010.80 160.014899 1814 58.93 6234 22.74
416 2022 12 15 43011.40 160.395164 1814 58.93 6233 22.73
417 2022 12 15 43011.80 160.795164 1814 58.92 6234 22.74
418 2022 12 15 43012.40 161.175637 1814 58.93 6234 22.74
419 2022 12 15 43012.80 161.575637 1814 58.93 6233 22.73
420 2022 12 15 43012.00 161.555988 1814 58.92 6234 22.74
421 2022 12 15 43013.00 162.336514 1814 58.93 6234 22.74
422 2022 12 15 43013.40 162.736514 1814 58.93 6233 22.73
423 2022 12 15 43014.00 163.116873 1814 58.92 6234 22.74
424 2022 12 15 43014.40 163.516873 1814 58.93 6234 22.74
425 2022 12 15 43015.00 163.897443 1814 58.93 6234 22.74
426 2022 12 15 43015.40 164.297443 1814 58.93 6234 22.74
427 2022 12 15 43015.00 164.677703 1814 58.93 6234 22.74
428 2022 12 15 43015.40 165.077703 1814 58.93 6234 22.74
429 2022 12 15 43016.00 165.457906 1814 58.93 6234 22.74
430 2022 12 15 43016.40 165.857906 1814 58.93 6233 22.73
431 2022 12 15 43017.00 166.238267 1814 58.92 6234 22.74
432 2022 12 15 43017.40 166.638267 1814 58.93 6234 22.74
433 2022 12 15 43017.80 167.038267 1814 58.93 6234 22.74
434 2022 12 15 43018.40 167.418926 1814 58.93 6234 22.74
435 2022 12 15 43018.80 167.818926 1815 58.96 6236 22.76
436 2022 12 15 43019.40 168.199673 1814 58.93 6235 22.75
437 2022 12 15 43019.80 168.599673 1814 58.93 6234 22.74
438 2022 12 15 43019.40 168.980367 1814 58.93 6234 22.74
439 2022 12 15 43019.80 169.380367 1814 58.93 6235 22.75
440 2022 12 15 43020.40 169.760874 1814 58.93 6234 22.74
441 2022 12 15 43020.80 170.160874 1814 58.93 6234 22.74
442 2022 12 15 43021.40 170.541221 1814 58.93 6235 22.75
443 2022 12 15 43021.80 170.941221 1814 58.93 6234 22.74
444 2022 12 15 43022.40 171.321604 1814 58.93 6234 22.74
445 2022 12 15 43022.80 171.721604 1814 58.93 6234 22.74
446 2022 12 15 43022.40 172.102007 1814 58.93 6234 22.74
447 2022 12 15 43022.80 172.502007 1814 58.93 6234 22.74
448 2022 12 15 43023.40 172.882407 1814 58.93 6234 22.74
449 2022 12 15 43023.80 173.282407 1814 58.93 6234 22.74
450 2022 12 15 43024.40 173.662695 1814 58.93 6235 22.75
451 2022 12 15 43024.80 174.062695 1814 58.93 6234 22.74
452 2022 12 15 43025.40 174.442912 1814 58.93 6235 22.75
453 2022 12 15 43025.80 174.842912 1814 58.93 6234 22.74
454 2022 12 15 43026.40 175.223211 1814 58.93 6234 22.74
455 2022 12 15 43026.80 175.623211 1814 58.93 6234 22.74
456 2022 12 15 43026.40 176.003730 1814 58.93 6235 22.75
457 2022 12 15 43026.80 176.403730 1814 58.93 6234 22.74
458 2022 12 15 43027.40 176.784229 1814 58.93 6234 22.74
459 2022 12 15 43027.80 177.184229 1815 58.96 6236 22.76
460 2022 12 15 43028.40 177.564596 1815 58.96 6236 22.76
461 2022 12 15 43028.80 177.964596 1814 58.93 6235 22.75
462 2022 12 15 43029.40 178.345264 1814 58.93 6236 22.76
463 2022 12 15 43029.80 178.745264 1814 58.93 6236 22.76
464 2022 12 15 43030.40 179.125664 1814 58.93 6236 22.76
465 2022 12 15 43030.80 179.525664 1814 58.93 6235 22.75
466 2022 12 15 43030.40 179.906230 1814 58.93 6236 22.76
467 2022 12 15 43030.80 180.306230 1814 58.93 6235 22.75
468 2022 12 15 43031.00 180.286743 1815 58.96 6235 22.75
469 2022 12 15 43031.40 180.686743 1814 58.93 6236 22.76
470 2022 12 15 43032.00 181.066996 1814 58.93 6235 22.75
471 2022 12 15 43032.40 181.466996 1814 58.93 6236 22.76
472 2022 12 15 43033.00 181.847506 1814 58.93 6236 22.76
473 2022 12 15 43033.40 182.247506 1814 58.93 6234 22.74
474 2022 12 15 43033.00 182.628043 1814 58.93 6236 22.76
475 2022 12 15 43033.40 183.028043 1814 58.93 6236 22.76
476 2022 12 15 43034.00 183.408587 1814 58.93 6236 22.76
477 2022 12 15 43034.40 183.808587 1813 58.90 6235 22.75
478 2022 12 15 43035.00 184.189018 1814 58.93 6236 22.76
479 2022 12 15 43035.40 184.589018 1814 58.93 6235 22.75
480 2022 12 15 43035.80 184.989018 1813 58.90 6234 22.74
481 2022 12 15 43036.40 185.369580 1813 58.90 6235 22.75
482 2022 12 15 43036.80 185.769580 1813 58.90 6234 22.74
483 2022 12 15 43037.40 186.149913 1813 58.90 6236 22.76
484 2022 12 15 43037.80 186.549913 1813 58.90 6235 22.75
485 2022 12 15 43037.40 186.930489 1812 58.87 6235 22.75
486 2022 12 15 43037.80 187.330489 1813 58.90 6236 22.76
487 2022 12 15 43038.40 187.710786 1813 58.90 6235 22.75
488 2022 12 15 43038.80 188.110786 1813 58.90 6235 22.75
489 2022 12 15 43039.40 188.491253 1813 58.90 6236 22.76
490 2022 12 15 43039.80 188.891253 1813 58.90 6236 22.76
491 2022 12 15 43040.40 189.271803 1812 58.87 6236 22.76
492 2022 12 15 43040.80 189.671803 1812 58.87 6236 22.76
493 2022 12 15 43040.40 190.052387 1813 58.90 6235 22.75
494 2022 12 15 43040.80 190.452387 1813 58.90 6236 22.76
495 2022 12 15 43041.40 190.833067 1813 58.90 6235 22.75
496 2022 12 15 43041.80 191.233067 1813 58.90 6235 22.75
497 2022 12 15 43042.40 191.613435 1813 58.90 6236 22.76
498 2022 12 15 43042.80 192.013435 1813 58.90 6236 22.76
499 2022 12 15 43043.40 192.394081 1814 58.93 6236 22.76
500 2022 12 15 43043.80 192.794081 1813 58.90 6237 22.77
501 2022 12 15 43044.40 193.174674 1813 58.90 6236 22.76
502 2022 12 15 43044.80 193.574674 1813 58.90 6237 22.77
503 2022 12 15 43044.40 193.955202 1813 58.90 6236 22.76
504 2022 12 15 43044.80 194.355202 1813 58.90 6236 22.76
505 2022 12 15 43045.40 194.735836 1813 58.90 6236 22.76
506 2022 12 15 43045.80 195.135836 1813 58.90 6236 22.76
507 2022 12 15 43046.40 195.516389 1813 58.90 6237 22.77
508 2022 12 15 43046.80 195.916389 1813 58.90 6236 22.76
509 2022 12 15 43047.40 196.297117 1813 58.90 6236 22.76
510 2022 12 15 43047.80 196.697117 1813 58.90 6237 22.77
511 2022 12 15 43047.40 197.077877 1813 58.90 6236 22.76
512 2022 12 15 43047.80 197.477877 1813 58.90 6236 22.76
513 2022 12 15 43048.40 197.858249 1813 58.90 6236 22.76
514 2022 12 15 43048.80 198.258249 1813 58.90 6236 22.76
515 2022 12 15 43049.00 198.238935 1814 58.93 6236 22.76
516 2022 12 15 43049.40 198.638935 1813 58.90 6235 22.75
517 2022 12 15 43050.00 199.019601 1813 58.90 6236 22.76
518 2022 12 15 43050.40 199.419601 1813 58.90 6236 22.76
519 2022 12 15 43051.00 199.800372 1813 58.90 6236 22.76
520 2022 12 15 43051.40 200.200372 1813 58.90 6234 22.74
521 2022 12 15 43051.00 200.581027 1813 58.90 6234 22.74
522 2022 12 15 43051.40 200.981027 1814 58.93 6236 22.76
523 2022 12 15 43052.00 201.361634 1813 58.90 6234 22.74
524 2022 12 15 43052.40 201.761634 1813 58.90 6235 22.75
525 2022 12 15 43053.00 202.142040 1813 58.90 6236 22.76
526 2022 12 15 43053.40 202.542040 1814 58.93 6236 22.76
527 2022 12 15 43054.00 202.922549 1813 58.90 6236 22.76
528 2022 12 15 43054.40 203.322549 1813 58.90 6235 22.75
529 2022 12 15 43054.00 203.702962 1813 58.90 6236 22.76
530 2022 12 15 43054.40 204.102962 1813 58.90 6236 22.76
531 2022 12 15 43054.80 204.502962 1814 58.93 6236 22.76
532 2022 12 15 43055.40 204.883571 1813 58.90 6235 22.75
533 2022 12 15 43055.80 205.283571 1814 58.93 6236 22.76
534 2022 12 15 43056.40 205.663927 1813 58.90 6236 22.76
535 2022 12 15 43056.80 206.063927 1813 58.90 6235 22.75
536 2022 12 15 43057.40 206.444247 1813 58.90 6235 22.75
537 2022 12 15 43057.80 206.844247 1813 58.90 6234 22.74
538 2022 12 15 43058.40 207.225015 1814 58.93 6235 22.75
539 2022 12 15 43058.80 207.625015 1813 58.90 6234 22.74
540 2022 12 15 43058.40 208.005682 1813 58.90 6234 22.74
541 2022 12 15 43058.80 208.405682 1813 58.90 6235 22.75
542 2022 12 15 43059.40 208.786360 1813 58.90 6235 22.75
543 2022 12 15 43059.80 209.186360 1813 58.90 6235 22.75
544 2022 12 15 43060.40 209.567034 1813 58.90 6235 22.75
545 2022 12 15 43060.80 209.967034 1813 58.90 6234 22.74
546 2022 12 15 43061.40 210.347417 1813 58.90 6234 22.74
547 2022 12 15 43061.80 210.747417 1813 58.90 6234 22.74
548 2022 12 15 43062.40 211.127871 1813 58.90 6235 22.75
549 2022 12 15 43062.80 211.527871 1813 58.90 6235 22.75
550 2022 12 15 43062.40 211.908601 1813 58.90 6235 22.75
551 2022 12 15 43062.80 212.308601 1813 58.90 6234 22.74
552 2022 12 15 43063.40 212.689260 1813 58.90 6236 22.76
553 2022 12 15 43063.80 213.089260 1813 58.90 6235 22.75
554 2022 12 15 43064.40 213.469607 1813 58.90 6235 22.75
555 2022 12 15 43064.80 213.869607 1813 58.90 6236 22.76
556 2022 12 15 43065.40 214.250221 1813 58.90 6235 22.75
557 2022 12 15 43065.80 214.650221 1814 58.93 6235 22.75
558 2022 12 15 43065.40 215.031002 1813 58.90 6236 22.76
559 2022 12 15 43065.80 215.431002 1813 58.90 6236 22.76
560 2022 12 15 43066.40 215.811675 1814 58.93 6235 22.75
561 2022 12 15 43066.80 216.211675 1814 58.93 6235 22.75
562 2022 12 15 43067.40 216.592046 1814 58.93 6236 22.76
563 2022 12 15 43067.80 216.992046 1813 58.90 6235 22.75
564 2022 12 15 43068.00 216.972356 1813 58.90 6236 22.76
565 2022 12 15 43068.40 217.372356 1813 58.90 6236 22.76
566 2022 12 15 43069.00 217.752781 1814 58.93 6236 22.76
567 2022 12 15 43069.40 218.152781 1814 58.93 6235 22.75
568 2022 12 15 43069.00 218.533125 1814 58.93 6236 22.76
569 2022 12 15 43069.40 218.933125 1813 58.90 6236 22.76
570 2022 12 15 43070.00 219.313547 1813 58.90 6235 22.75
571 2022 12 15 43070.40 219.713547 1813 58.90 6236 22.76
572 2022 12 15 43071.00 220.093951 1813 58.90 6236 22.76
573 2022 12 15 43071.40 220.493951 1813 58.90 6235 22.75
574 2022 12 15 43072.00 220.874349 1814 58.93 6235 22.75
575 2022 12 15 43072.40 221.274349 1813 58.90 6235 22.75
576 2022 12 15 43072.00 221.654936 1813 58.90 6235 22.75
577 2022 12 15 43072.40 222.054936 1813 58.90 6235 22.75
578 2022 12 15 43072.80 222.454936 1813 58.90 6236 22.76
579 2022 12 15 43073.40 222.835773 1813 58.90 6235 22.75
580 2022 12 15 43073.80 223.235773 1813 58.90 6235 22.75
581 2022 12 15 43074.40 223.616493 1814 58.93 6235 22.75
582 2022 12 15 43074.80 224.016493 1814 58.93 6235 22.75
583 2022 12 15 43075.40 224.397213 1813 58.90 6236 22.76
584 2022 12 15 43075.80 224.797213 1813 58.90 6236 22.76
585 2022 12 15 43076.40 225.178001 1813 58.90 6235 22.75
586 2022 12 15 43076.80 225.578001 1813 58.90 6235 22.75
587 2022 12 15 43076.40 225.958527 1814 58.93 6236 22.76
588 2022 12 15 43076.80 226.358527 1813 58.90 6235 22.75
589 2022 12 15 43077.40 226.739232 1813 58.90 6236 22.76
590 2022 12 15 43077.80 227.139232 1813 58.90 6236 22.76
591 2022 12 15 43078.40 227.519986 1813 58.90 6235 22.75
592 2022 12 15 43078.80 227.919986 1813 58.90 6235 22.75
593 2022 12 15 43079.40 228.300642 1813 58.90 6235 22.75
594 2022 12 15 43079.80 228.700642 1813 58.90 6236 22.76
595 2022 12 15 43079.40 229.081078 1813 58.90 6236 22.76
596 2022 12 15 43079.80 229.481078 1813 58.90 6236 22.76
597 2022 12 15 43080.40 229.861502 1813 58.90 6235 22.75
598 2022 12 15 43080.80 230.261502 1813 58.90 6235 22.75
599 2022 12 15 43081.40 230.641898 1814 58.93 6235 22.75
600 2022 12 15 43081.80 231.041898 1813 58.90 6236 22.76
601 2022 12 15 43082.40 231.422289 1813 58.90 6235 22.75
602 2022 12 15 43082.80 231.822289 1813 58.90 6235 22.75
603 2022 12 15 43083.40 232.202716 1813 58.90 6235 22.75
604 2022 12 15 43083.80 232.602716 1813 58.90 6236 22.76
605 2022 12 15 43083.40 232.983137 1813 58.90 6236 22.76
606 2022 12 15 43083.80 233.383137 1813 58.90 6234 22.74
607 2022 12 15 43084.40 233.763426 1813 58.90 6235 22.75
608 2022 12 15 43084.80 234.163426 1813 58.90 6235 22.75
609 2022 12 15 43085.40 234.544059 1813 58.90 6234 22.74
610 2022 12 15 43085.80 234.944059 1813 58.90 6235 22.75
611 2022 12 15 43086.40 235.324515 1813 58.90 6235 22.75
612 2022 12 15 43086.80 235.724515 1813 58.90 6235 22.75
613 2022 12 15 43086.00 235.704828 1813 58.90 6236 22.76
614 2022 12 15 43086.40 236.104828 1813 58.90 6235 22.75
615 2022 12 15 43087.00 236.485378 1813 58.90 6235 22.75
616 2022 12 15 43087.40 236.885378 1813 58.90 6235 22.75
617 2022 12 15 43088.00 237.265978 1813 58.90 6235 22.75
618 2022 12 15 43088.40 237.665978 1813 58.90 6235 22.75
619 2022 12 15 43089.00 238.046515 1813 58.90 6236 22.76
620 2022 12 15 43089.40 238.446515 1813 58.90 6234 22.74
621 2022 12 15 43090.00 238.826733 1813 58.90 6235 22.75
622 2022 12 15 43090.40 239.226733 1813 58.90 6236 22.76
623 2022 12 15 43090.00 239.607203 1813 58.90 6236 22.76
624 2022 12 15 43090.40 240.007203 1813 58.90 6235 22.75
625 2022 12 15 43091.00 240.387612 1813 58.90 6234 22.74
626 2022 12 15 43091.40 240.787612 1813 58.90 6235 22.75
627 2022 12 15 43091.80 241.187612 1813 58.90 6234 22.74
628 2022 12 15 43092.40 241.567848 1813 58.90 6236 22.76
629 2022 12 15 43092.80 241.967848 1813 58.90 6234 22.74
630 2022 12 15 43093.40 242.348327 1813 58.90 6234 22.74
631 2022 12 15 43093.80 242.748327 1813 58.90 6235 22.75
632 2022 12 15 43094.40 243.128884 1813 58.90 6234 22.74
633 2022 12 15 43094.80 243.528884 1814 58.93 6234 22.74
634 2022 12 15 43094.40 243.909380 1813 58.90 6234 22.74
635 2022 12 15 43094.80 244.309380 1813 58.90 6234 22.74
636 2022 12 15 43095.40 244.689916 1813 58.90 6234 22.74
637 2022 12 15 43095.80 245.089916 1813 58.90 6236 22.76
638 2022 12 15 43096.40 245.470500 1813 58.90 6236 22.76
639 2022 12 15 43096.80 245.870500 1813 58.90 6234 22.74
640 2022 12 15 43097.40 246.250717 1813 58.90 6234 22.74
641 2022 12 15 43097.80 246.650717 1813 58.90 6235 22.75
642 2022 12 15 43097.40 247.031369 1813 58.90 6235 22.75
643 2022 12 15 43097.80 247.431369 1813 58.90 6234 22.74
644 2022 12 15 43098.40 247.811815 1813 58.90 6234 22.74
645 2022 12 15 43098.80 248.211815 1813 58.90 6234 22.74
646 2022 12 15 43099.40 248.592364 1813 58.90 6235 22.75
647 2022 12 15 43099.80 248.992364 1813 58.90 6234 22.74
648 2022 12 15 43100.40 249.372639 1813 58.90 6234 22.74
649 2022 12 15 43100.80 249.772639 1813 58.90 6234 22.74
650 2022 12 15 43101.40 250.153233 1813 58.90 6234 22.74
651 2022 12 15 43101.80 250.553233 1813 58.90 6234 22.74
652 2022 12 15 43101.40 250.934043 1813 58.90 6234 22.74
653 2022 12 15 43101.80 251.334043 1812 58.86 6233 22.73
654 2022 12 15 43102.40 251.714723 1812 58.86 6234 22.74
655 2022 12 15 43102.80 252.114723 1813 58.90 6234 22.74
656 2022 12 15 43103.40 252.495303 1813 58.90 6233 22.73
657 2022 12 15 43103.80 252.895303 1813 58.89 6234 22.74
658 2022 12 15 43104.40 253.275932 1814 58.93 6234 22.74
659 2022 12 15 43104.80 253.675932 1813 58.90 6233 22.73
660 2022 12 15 43104.00 253.656327 1813 58.89 6233 22.73
661 2022 12 15 43104.40 254.056327 1813 58.89 6234 22.74
662 2022 12 15 43105.00 254.436693 1813 58.90 6234 22.74
663 2022 12 15 43105.40 254.836693 1814 58.93 6234 22.74
664 2022 12 15 43106.00 255.217404 1813 58.90 6234 22.74
665 2022 12 15 43106.40 255.617404 1814 58.93 6234 22.74
666 2022 12 15 43107.00 255.997875 1814 58.93 6234 22.74
667 2022 12 15 43107.40 256.397875 1814 58.93 6234 22.74
668 2022 12 15 43108.00 256.778236 1813 58.90 6234 22.74
669 2022 12 15 43108.40 257.178236 1813 58.90 6233 22.73
670 2022 12 15 43108.00 257.558571 1814 58.92 6234 22.74
671 2022 12 15 43108.40 257.958571 1813 58.90 6234 22.74
672 2022 12 15 43109.00 258.339275 1814 58.93 6234 22.74
673 2022 12 15 43109.40 258.739275 1814 58.93 6233 22.73
674 2022 12 15 43109.80 259.139275 1813 58.89 6233 22.73
675 2022 12 15 43110.40 259.519771 1813 58.89 6232 22.72
676 2022 12 15 43110.80 259.919771 1814 58.92 6233 22.73
677 2022 12 15 43111.40 260.300303 1814 58.92 6234 22.74
678 2022 12 15 43111.80 260.700303 1814 58.93 6233 22.73
679 2022 12 15 43111.40 261.080662 1814 58.92 6233 22.73
680 2022 12 15 43111.80 261.480662 1814 58.92 6233 22.73
681 2022 12 15 43112.40 261.861404 1814 58.92 6233 22.73
682 2022 12 15 43112.80 262.261404 1813 58.89 6234 22.74
683 2022 12 15 43113.40 262.641988 1814 58.93 6232 22.72
684 2022 12 15 43113.80 263.041988 1814 58.92 6232 22.72
685 2022 12 15 43114.40 263.422613 1814 58.92 6232 22.72
686 2022 12 15 43114.80 263.822613 1814 58.92 6233 22.73
687 2022 12 15 43115.40 264.203225 1814 58.92 6234 22.74
688 2022 12 15 43115.80 264.603225 1814 58.93 6233 22.73
689 2022 12 15 43115.40 264.983969 1814 58.92 6234 22.74
690 2022 12 15 43115.80 265.383969 1814 58.93 6233 22.73
691 2022 12 15 43116.40 265.764506 1815 58.96 6234 22.74
692 2022 12 15 43116.80 266.164506 1814 58.93 6234 22.74
693 2022 12 15 43117.40 266.545074 1814 58.93 6234 22.74
694 2022 12 15 43117.80 266.945074 1814 58.93 6234 22.74
695 2022 12 15 43118.40 267.325737 1814 58.93 6233 22.73
696 2022 12 15 43118.80 267.725737 1815 58.96 6234 22.74
697 2022 12 15 43118.40 268.106310 1815 58.96 6233 22.73
698 2022 12 15 43118.80 268.506310 1814 58.92 6234 22.74
699 2022 12 15 43119.40 268.886720 1815 58.96 6233 22.73
700 2022 12 15 43119.80 269.286720 1814 58.92 6233 22.73
701 2022 12 15 43120.40 269.667399 1815 58.96 6233 22.73
702 2022 12 15 43120.80 270.067399 1815 58.96 6234 22.74
703 2022 12 15 43121.40 270.448071 1814 58.93 6234 22.74
704 2022 12 15 43121.80 270.848071 1815 58.96 6234 22.74
705 2022 12 15 43122.40 271.228569 1815 58.96 6234 22.74
706 2022 12 15 43122.80 271.628569 1815 58.96 6234 22.74
707 2022 12 15 43122.40 272.008915 1815 58.96 6234 22.74
708 2022 12 15 43122.80 272.408915 1815 58.96 6234 22.74
709 2022 12 15 43123.00 272.389271 1815 58.96 6234 22.74
710 2022 12 15 43123.40 272.789271 1815 58.96 6235 22.75
711 2022 12 15 43124.00 273.170046 1815 58.96 6235 22.75
712 2022 12 15 43124.40 273.570046 1815 58.96 6234 22.74
713 2022 12 15 43125.00 273.950700 1815 58.96 6235 22.75
714 2022 12 15 43125.40 274.350700 1815 58.96 6234 22.74
715 2022 12 15 43126.00 274.731325 1815 58.96 6233 22.73
716 2022 12 15 43126.40 275.131325 1815 58.96 6234 22.74
717 2022 12 15 43126.00 275.512142 1815 58.96 6234 22.74
718 2022 12 15 43126.40 275.912142 1815 58.96 6234 22.74
719 2022 12 15 43127.00 276.292673 1816 58.99 6234 22.74
720 2022 12 15 43127.40 276.692673 1815 58.96 6234 22.74
721 2022 12 15 43128.00 277.073342 1815 58.96 6234 22.74
722 2022 12 15 43128.40 277.473342 1815 58.96 6234 22.74
723 2022 12 15 43128.80 277.873342 1815 58.96 6234 22.74
724 2022 12 15 43129.40 278.254096 1815 58.96 6235 22.75
725 2022 12 15 43129.80 278.654096 1815 58.96 6234 22.74
726 2022 12 15 43129.40 279.034723 1815 58.96 6234 22.74
727 2022 12 15 43129.80 279.434723 1815 58.96 6234 22.74
728 2022 12 15 43130.40 279.815497 1815 58.96 6234 22.74
729 2022 12 15 43130.80 280.215497 1815 58.96 6235 22.75
730 2022 12 15 43131.40 280.596074 1814 58.93 6234 22.74
731 2022 12 15 43131.80 280.996074 1814 58.93 6234 22.74
732 2022 12 15 43132.40 281.376763 1814 58.93 6234 22.74
733 2022 12 15 43132.80 281.776763 1815 58.96 6234 22.74
734 2022 12 15 43133.40 282.157439 1815 58.96 6234 22.74
735 2022 12 15 43133.80 282.557439 1814 58.93 6234 22.74
736 2022 12 15 43133.40 282.937759 1814 58.93 6235 22.75
737 2022 12 15 43133.80 283.337759 1814 58.93 6234 22.74
738 2022 12 15 43134.40 283.718109 1814 58.93 6234 22.74
739 2022 12 15 43134.80 284.118109 1814 58.93 6235 22.75
740 2022 12 15 43135.40 284.498780 1814 58.93 6234 22.74
741 2022 12 15 43135.80 284.898780 1814 58.93 6234 22.74
742 2022 12 15 43136.40 285.279478 1814 58.93 6234 22.74
743 2022 12 15 43136.80 285.679478 1814 58.93 6235 22.75
744 2022 12 15 43136.40 286.060110 1814 58.93 6235 22.75
745 2022 12 15 43136.80 286.460110 1814 58.93 6235 22.75
746 2022 12 15 43137.40 286.840882 1814 58.93 6234 22.74
747 2022 12 15 43137.80 287.240882 1814 58.93 6235 22.75
748 2022 12 15 43138.40 287.621671 1814 58.93 6234 22.74
749 2022 12 15 43138.80 288.021671 1815 58.96 6234 22.74
750 2022 12 15 43139.40 288.402313 1814 58.93 6235 22.75
751 2022 12 15 43139.80 288.802313 1814 58.93 6236 22.76
752 2022 12 15 43140.40 289.182772 1815 58.96 6234 22.74
753 2022 12 15 43140.80 289.582772 1815 58.96 6235 22.75
754 2022 12 15 43140.40 289.963117 1815 58.96 6234 22.74
755 2022 12 15 43140.80 290.363117 1815 58.96 6235 22.75
756 2022 12 15 43141.00 290.343481 1815 58.96 6235 22.75
757 2022 12 15 43141.40 290.743481 1815 58.96 6234 22.74
758 2022 12 15 43142.00 291.123803 1814 58.93 6234 22.74
759 2022 12 15 43142.40 291.523803 1815 58.96 6234 22.74
760 2022 12 15 43143.00 291.904188 1815 58.96 6234 22.74
761 2022 12 15 43143.40 292.304188 1815 58.96 6234 22.74
762 2022 12 15 43143.00 292.684588 1815 58.96 6236 22.76
763 2022 12 15 43143.40 293.084588 1815 58.96 6236 22.76
764 2022 12 15 43144.00 293.464864 1815 58.96 6234 22.74
765 2022 12 15 43144.40 293.864864 1814 58.93 6235 22.75
766 2022 12 15 43145.00 294.245133 1815 58.96 6234 22.74
767 2022 12 15 43145.40 294.645133 1814 58.93 6234 22.74
768 2022 12 15 43146.00 295.025420 1815 58.96 6234 22.74
769 2022 12 15 43146.40 295.425420 1815 58.96 6235 22.75
770 2022 12 15 43146.80 295.825420 1814 58.93 6234 22.74
771 2022 12 15 43147.40 296.205775 1814 58.93 6234 22.74
772 2022 12 15 43147.80 296.605775 1814 58.93 6236 22.76
773 2022 12 15 43147.40 296.986254 1814 58.93 6234 22.74
774 2022 12 15 43147.80 297.386254 1814 58.93 6234 22.74
775 2022 12 15 43148.40 297.766687 1814 58.93 6235 22.75
776 2022 12 15 43148.80 298.166687 1814 58.93 6235 22.75
777 2022 12 15 43149.40 298.547330 1814 58.93 6235 22.75
778 2022 12 15 43149.80 298.947330 1814 58.93 6234 22.74
779 2022 12 15 43150.40 299.327688 1814 58.93 6236 22.76
780 2022 12 15 43150.80 299.727688 1814 58.93 6236 22.76
781 2022 12 15 43150.40 300.108203 1814 58.93 6236 22.76
782 2022 12 15 43150.80 300.508203 1814 58.93 6236 22.76
783 2022 12 15 43151.40 300.888591 1814 58.93 6236 22.76
784 2022 12 15 43151.80 301.288591 1814 58.93 6235 22.75
785 2022 12 15 43152.40 301.668814 1814 58.93 6235 22.75
786 2022 12 15 43152.80 302.068814 1814 58.93 6236 22.76
787 2022 12 15 43153.40 302.449333 1814 58.93 6236 22.76
788 2022 12 15 43153.80 302.849333 1814 58.93 6236 22.76
789 2022 12 15 43154.40 303.229937 1814 58.93 6236 22.76
790 2022 12 15 43154.80 303.629937 1814 58.93 6236 22.76
791 2022 12 15 43154.40 304.010403 1814 58.93 6237 22.77
792 2022 12 15 43154.80 304.410403 1814 58.93 6236 22.76
793 2022 12 15 43155.40 304.790883 1814 58.93 6238 22.78
794 2022 12 15 43155.80 305.190883 1814 58.93 6238 22.78
795 2022 12 15 43156.40 305.571397 1813 58.90 6238 22.78
796 2022 12 15 43156.80 305.971397 1814 58.93 6238 22.78
797 2022 12 15 43157.40 306.352072 1814 58.93 6237 22.77
798 2022 12 15 43157.80 306.752072 1813 58.90 6238 22.78
799 2022 12 15 43158.40 307.132556 1813 58.90 6238 22.78
800 2022 12 15 43158.80 307.532556 1813 58.90 6237 22.77
801 2022 12 15 43158.40 307.912951 1813 58.90 6238 22.78
802 2022 12 15 43158.80 308.312951 1813 58.90 6238 22.78
803 2022 12 15 43159.40 308.693713 1813 58.90 6237 22.77
804 2022 12 15 43159.80 309.093713 1813 58.90 6236 22.76
805 2022 12 15 43160.00 309.074094 1813 58.90 6237 22.77
806 2022 12 15 43160.40 309.474094 1813 58.90 6237 22.77
807 2022 12 15 43161.00 309.854670 1813 58.90 6238 22.78
808 2022 12 15 43161.40 310.254670 1813 58.90 6238 22.78
809 2022 12 15 43161.00 310.635204 1812 58.87 6238 22.78
810 2022 12 15 43161.40 311.035204 1812 58.87 6238 22.78
811 2022 12 15 43162.00 311.415737 1812 58.87 6236 22.76
812 2022 12 15 43162.40 311.815737 1812 58.87 6238 22.78
813 2022 12 15 43163.00 312.196495 1812 58.87 6237 22.77
814 2022 12 15 43163.40 312.596495 1812 58.87 6237 22.77
815 2022 12 15 43164.00 312.977064 1812 58.87 6238 22.78
816 2022 12 15 43164.40 313.377064 1812 58.87 6236 22.76
817 2022 12 15 43165.00 313.757485 1812 58.87 6237 22.77
818 2022 12 15 43165.40 314.157485 1812 58.87 6238 22.78
819 2022 12 15 43165.80 314.557485 1813 58.90 6237 22.77
820 2022 12 15 43165.40 314.938134 1813 58.90 6238 22.78
821 2022 12 15 43165.80 315.338134 1813 58.90 6238 22.78
822 2022 12 15 43166.40 315.718502 1812 58.87 6237 22.77
823 2022 12 15 43166.80 316.118502 1813 58.90 6238 22.78
824 2022 12 15 43167.40 316.498954 1813 58.90 6237 22.77
825 2022 12 15 43167.80 316.898954 1813 58.90 6237 22.77
826 2022 12 15 43168.40 317.279343 1813 58.90 6238 22.78
827 2022 12 15 43168.80 317.679343 1813 58.90 6236 22.76
828 2022 12 15 43168.40 318.060007 1813 58.90 6238 22.78
829 2022 12 15 43168.80 318.460007 1813 58.90 6238 22.78
830 2022 12 15 43169.40 318.840470 1813 58.90 6238 22.78
831 2022 12 15 43169.80 319.240470 1813 58.90 6238 22.78
832 2022 12 15 43170.40 319.620795 1813 58.90 6238 22.78
833 2022 12 15 43170.80 320.020795 1813 58.90 6238 22.78
834 2022 12 15 43171.40 320.401537 1813 58.90 6238 22.78
835 2022 12 15 43171.80 320.801537 1813 58.90 6238 22.78
836 2022 12 15 43172.40 321.182040 1812 58.87 6238 22.78
837 2022 12 15 43172.80 321.582040 1813 58.90 6240 22.80
838 2022 12 15 43172.40 321.962639 1813 58.90 6239 22.79
839 2022 12 15 43172.80 322.362639 1812 58.87 6238 22.78
840 2022 12 15 43173.40 322.743033 1812 58.87 6238 22.78
841 2022 12 15 43173.80 323.143033 1813 58.90 6240 22.80
842 2022 12 15 43174.40 323.523578 1813 58.90 6239 22.79
843 2022 12 15 43174.80 323.923578 1812 58.87 6238 22.78
844 2022 12 15 43175.40 324.304244 1812 58.87 6240 22.80
845 2022 12 15 43175.80 324.704244 1812 58.87 6239 22.79
846 2022 12 15 43175.40 325.084891 1813 58.90 6239 22.79
847 2022 12 15 43175.80 325.484891 1812 58.87 6240 22.80
848 2022 12 15 43176.40 325.865412 1812 58.87 6240 22.80
849 2022 12 15 43176.80 326.265412 1812 58.87 6239 22.79
850 2022 12 15 43177.40 326.645827 1812 58.87 6240 22.80
851 2022 12 15 43177.80 327.045827 1811 58.84 6240 22.80
852 2022 12 15 43178.40 327.426553 1811 58.84 6240 22.80
853 2022 12 15 43178.80 327.826553 1811 58.84 6240 22.80
854 2022 12 15 43179.00 327.807277 1811 58.84 6240 22.80
855 2022 12 15 43179.40 328.207277 1811 58.84 6240 22.80
856 2022 12 15 43179.00 328.587694 1811 58.84 6240 22.80
857 2022 12 15 43179.40 328.987694 1811 58.84 6239 22.79
858 2022 12 15 43180.00 329.368162 1811 58.84 6240 22.80
859 2022 12 15 43180.40 329.768162 1811 58.84 6240 22.80
860 2022 12 15 43181.00 330.148529 1811 58.84 6239 22.79
861 2022 12 15 43181.40 330.548529 1811 58.84 6240 22.80
862 2022 12 15 43182.00 330.929203 1811 58.84 6240 22.80
863 2022 12 15 43182.40 331.329203 1811 58.84 6240 22.80
864 2022 12 15 43182.00 331.709879 1811 58.84 6240 22.80
865 2022 12 15 43182.40 332.109879 1811 58.84 6240 22.80
866 2022 12 15 43182.80 332.509879 1811 58.84 6241 22.81
867 2022 12 15 43183.40 332.890505 1811 58.84 6241 22.81
868 2022 12 15 43183.80 333.290505 1810 58.81 6241 22.81
869 2022 12 15 43184.40 333.671298 1811 58.84 6241 22.81
870 2022 12 15 43184.80 334.071298 1810 58.81 6240 22.80
871 2022 12 15 43185.40 334.451767 1810 58.81 6241 22.81
872 2022 12 15 43185.80 334.851767 1811 58.84 6240 22.80
873 2022 12 15 43186.40 335.232265 1810 58.81 6241 22.81
874 2022 12 15 43186.80 335.632265 1810 58.81 6240 22.80
875 2022 12 15 43186.40 336.013044 1810 58.81 6241 22.81
876 2022 12 15 43186.80 336.413044 1810 58.81 6241 22.81
877 2022 12 15 43187.40 336.793414 1810 58.81 6241 22.81
878 2022 12 15 43187.80 337.193414 1810 58.81 6241 22.81
879 2022 12 15 43188.40 337.573899 1810 58.81 6240 22.80
880 2022 12 15 43188.80 337.973899 1810 58.81 6241 22.81
881 2022 12 15 43189.40 338.354272 1810 58.81 6240 22.80
882 2022 12 15 43189.80 338.754272 1810 58.81 6240 22.80
883 2022 12 15 43190.40 339.134786 1810 58.81 6241 22.81
884 2022 12 15 43190.80 339.534786 1810 58.81 6240 22.80
885 2022 12 15 43190.40 339.915259 1810 58.81 6241 22.81
886 2022 12 15 43190.80 340.315259 1810 58.81 6240 22.80
887 2022 12 15 43191.40 340.696089 1810 58.81 6240 22.80
888 2022 12 15 43191.80 341.096089 1810 58.81 6240 22.80
889 2022 12 15 43192.40 341.476779 1810 58.81 6240 22.80
890 2022 12 15 43192.80 341.876779 1810 58.81 6241 22.81
891 2022 12 15 43193.40 342.257115 1810 58.81 6240 22.80
892 2022 12 15 43193.80 342.657115 1809 58.78 6241 22.81
893 2022 12 15 43193.40 343.037747 1810 58.81 6239 22.79
894 2022 12 15 43193.80 343.437747 1810 58.81 6240 22.80
895 2022 12 15 43194.40 343.818378 1810 58.81 6240 22.80
896 2022 12 15 43194.80 344.218378 1810 58.81 6240 22.80
897 2022 12 15 43195.40 344.599075 1810 58.81 6240 22.80
898 2022 12 15 43195.80 344.999075 1810 58.81 6240 22.80
899 2022 12 15 43196.40 345.379933 1810 58.81 6240 22.80
900 2022 12 15 43196.80 345.779933 1810 58.81 6240 22.80
901 2022 12 15 43197.00 345.760674 1810 58.81 6240 22.80
902 2022 12 15 43197.40 346.160674 1810 58.81 6240 22.80
903 2022 12 15 43197.00 346.541363 1810 58.81 6240 22.80
904 2022 12 15 43197.40 346.941363 1810 58.81 6240 22.80
905 2022 12 15 43198.00 347.321943 1810 58.81 6241 22.81
906 2022 12 15 43198.40 347.721943 1810 58.81 6240 22.80
907 2022 12 15 43199.00 348.102720 1810 58.81 6240 22.80
908 2022 12 15 43199.40 348.502720 1809 58.78 6240 22.80
909 2022 12 15 43200.00 348.883114 1809 58.78 6240 22.80
910 2022 12 15 43200.40 349.283114 1809 58.78 6240 22.80
911 2022 12 15 43200.00 349.663440 1810 58.81 6239 22.79
912 2022 12 15 43200.40 350.063440 1809 58.78 6240 22.80
913 2022 12 15 43201.00 350.443816 1809 58.78 6240 22.80
914 2022 12 15 43201.40 350.843816 1810 58.81 6240 22.80
915 2022 12 15 43201.80 351.243816 1810 58.81 6240 22.80
916 2022 12 15 43202.40 351.624274 1809 58.78 6241 22.81
917 2022 12 15 43202.80 352.024274 1809 58.78 6240 22.80
918 2022 12 15 43203.40 352.405061 1810 58.81 6240 22.80
919 2022 12 15 43203.80 352.805061 1809 58.78 6240 22.80
920 2022 12 15 43204.40 353.185335 1809 58.78 6240 22.80
921 2022 12 15 43204.80 353.585335 1809 58.78 6241 22.81
922 2022 12 15 43204.40 353.965628 1809 58.78 6240 22.80
923 2022 12 15 43204.80 354.365628 1809 58.78 6241 22.81
924 2022 12 15 43205.40 354.745848 1809 58.78 6240 22.80
925 2022 12 15 43205.80 355.145848 1809 58.78 6240 22.80
926 2022 12 15 43206.40 355.526266 1809 58.78 6240 22.80
927 2022 12 15 43206.80 355.926266 1809 58.78 6239 22.79
928 2022 12 15 43207.40 356.306569 1810 58.81 6240 22.80
929 2022 12 15 43207.80 356.706569 1809 58.78 6239 22.79
930 2022 12 15 43207.40 357.087159 1809 58.78 6238 22.78
931 2022 12 15 43207.80 357.487159 1808 58.75 6239 22.79
932 2022 12 15 43208.40 357.867705 1809 58.78 6238 22.78
933 2022 12 15 43208.80 358.267705 1808 58.75 6238 22.78
934 2022 12 15 43209.40 358.648075 1809 58.78 6238 22.78
935 2022 12 15 43209.80 359.048075 1809 58.78 6238 22.78
936 2022 12 15 43210.40 359.428316 1809 58.78 6238 22.78
937 2022 12 15 43210.80 359.828316 1809 58.78 6238 22.78
938 2022 12 15 43211.40 360.208564 1809 58.78 6238 22.78
939 2022 12 15 43211.80 360.608564 1809 58.78 6239 22.79
940 2022 12 15 43211.40 360.989022 1809 58.78 6238 22.78
941 2022 12 15 43211.80 361.389022 1809 58.78 6238 22.78
942 2022 12 15 43212.40 361.769540 1809 58.78 6238 22.78
943 2022 12 15 43212.80 362.169540 1809 58.78 6237 22.77
944 2022 12 15 43213.40 362.550192 1809 58.78 6237 22.77
945 2022 12 15 43213.80 362.950192 1809 58.78 6238 22.78
946 2022 12 15 43214.40 363.330740 1809 58.78 6236 22.76
947 2022 12 15 43214.80 363.730740 1809 58.78 6237 22.77
948 2022 12 15 43214.40 364.111310 1809 58.78 6236 22.76
949 2022 12 15 43214.80 364.511310 1809 58.78 6236 22.76
950 2022 12 15 43215.00 364.491793 1810 58.81 6237 22.77
951 2022 12 15 43215.40 364.891793 1810 58.81 6236 22.76
952 2022 12 15 43216.00 365.272035 1810 58.81 6237 22.77
953 2022 12 15 43216.40 365.672035 1810 58.81 6238 22.78
954 2022 12 15 43217.00 366.052487 1810 58.81 6237 22.77
955 2022 12 15 43217.40 366.452487 1810 58.81 6236 22.76
956 2022 12 15 43218.00 366.832708 1810 58.81 6236 22.76
957 2022 12 15 43218.40 367.232708 1810 58.81 6236 22.76
958 2022 12 15 43218.00 367.612921 1810 58.81 6236 22.76
959 2022 12 15 43218.40 368.012921 1811 58.84 6236 22.76
960 2022 12 15 43219.00 368.393169 1811 58.84 6236 22.76
961 2022 12 15 43219.40 368.793169 1810 58.81 6236 22.76
962 2022 12 15 43219.80 369.193169 1810 58.81 6235 22.75
963 2022 12 15 43220.40 369.573474 1810 58.80 6236 22.76
964 2022 12 15 43220.80 369.973474 1810 58.81 6235 22.75
965 2022 12 15 43221.40 370.353742 1811 58.84 6236 22.76
966 2022 12 15 43221.80 370.753742 1810 58.81 6236 22.76
967 2022 12 15 43222.40 371.134014 1810 58.81 6236 22.76
968 2022 12 15 43222.80 371.534014 1810 58.81 6235 22.75
969 2022 12 15 43222.40 371.914285 1811 58.84 6236 22.76
970 2022 12 15 43222.80 372.314285 1811 58.84 6235 22.75
971 2022 12 15 43223.40 372.694910 1811 58.84 6236 22.76
972 2022 12 15 43223.80 373.094910 1811 58.84 6236 22.76
973 2022 12 15 43224.40 373.475500 1811 58.84 6236 22.76
974 2022 12 15 43224.80 373.875500 1811 58.84 6236 22.76
975 2022 12 15 43225.40 374.255839 1811 58.84 6236 22.76
976 2022 12 15 43225.80 374.655839 1811 58.84 6236 22.76
977 2022 12 15 43225.40 375.036117 1811 58.84 6236 22.76
978 2022 12 15 43225.80 375.436117 1811 58.84 6235 22.75
979 2022 12 15 43226.40 375.816570 1811 58.84 6235 22.75
980 2022 12 15 43226.80 376.216570 1811 58.84 6236 22.76
981 2022 12 15 43227.40 376.597121 1811 58.84 6235 22.75
982 2022 12 15 43227.80 376.997121 1811 58.84 6235 22.75
983 2022 12 15 43228.40 377.377617 1811 58.84 6236 22.76
984 2022 12 15 43228.80 377.777617 1811 58.84 6236 22.76
985 2022 12 15 43229.40 378.158179 1811 58.84 6235 22.75
986 2022 12 15 43229.80 378.558179 1811 58.84 6236 22.76
987 2022 12 15 43229.40 378.938615 1811 58.84 6236 22.76
988 2022 12 15 43229.80 379.338615 1811 58.84 6236 22.76
989 2022 12 15 43230.40 379.718985 1811 58.84 6235 22.75
990 2022 12 15 43230.80 380.118985 1811 58.84 6236 22.76
991 2022 12 15 43231.40 380.499634 1811 58.84 6236 22.76
992 2022 12 15 43231.80 380.899634 1810 58.81 6236 22.76
993 2022 12 15 43232.40 381.280132 1811 58.84 6234 22.74
994 2022 12 15 43232.80 381.680132 1811 58.83 6236 22.76
995 2022 12 15 43232.40 382.060691 1810 58.81 6236 22.76
996 2022 12 15 43232.80 382.460691 1810 58.81 6236 22.76
997 2022 12 15 43233.00 382.440977 1811 58.84 6235 22.75
998 2022 12 15 43233.40 382.840977 1811 58.84 6235 22.75
999 2022 12 15 43234.00 383.221628 1811 58.84 6236 22.76
1000 2022 12 15 43234.40 383.621628 1811 58.84 6235 22.75
1001 2022 12 15 43235.00 384.001832 1811 58.84 6236 22.76
1002 2022 12 15 43235.40 384.401832 1811 58.84 6235 22.75
1003 2022 12 15 43236.00 384.782407 1811 58.84 6236 22.76
1004 2022 12 15 43236.40 385.182407 1811 58.84 6236 22.76
1005 2022 12 15 43236.00 385.562961 1811 58.84 6235 22.75
1006 2022 12 15 43236.40 385.962961 1811 58.84 6236 22.76
1007 2022 12 15 43237.00 386.343314 1810 58.81 6235 22.75
1008 2022 12 15 43237.40 386.743314 1811 58.84 6234 22.74
1009 2022 12 15 43238.00 387.123913 1811 58.83 6236 22.76
1010 2022 12 15 43238.40 387.523913 1811 58.84 6236 22.76
1011 2022 12 15 43239.00 387.904422 1810 58.81 6234 22.74
1012 2022 12 15 43239.40 388.304422 1811 58.83 6236 22.76
1013 2022 12 15 43239.80 388.704422 1811 58.84 6237 22.77
1014 2022 12 15 43239.40 389.084796 1811 58.84 6236 22.76
1015 2022 12 15 43239.80 389.484796 1810 58.81 6236 22.76
1016 2022 12 15 43240.40 389.865053 1810 58.81 6235 22.75
1017 2022 12 15 43240.80 390.265053 1810 58.80 6237 22.77
1018 2022 12 15 43241.40 390.645486 1810 58.81 6236 22.76
1019 2022 12 15 43241.80 391.045486 1811 58.84 6235 22.75
1020 2022 12 15 43242.40 391.426141 1811 58.84 6236 22.76
1021 2022 12 15 43242.80 391.826141 1810 58.81 6237 22.77
1022 2022 12 15 43243.40 392.206630 1810 58.81 6235 22.75
1023 2022 12 15 43243.80 392.606630 1811 58.84 6236 22.76
1024 2022 12 15 43243.40 392.987099 1810 58.81 6235 22.75
1025 2022 12 15 43243.80 393.387099 1811 58.84 6236 22.76
1026 2022 12 15 43244.40 393.767499 1810 58.81 6236 22.76
1027 2022 12 15 43244.80 394.167499 1810 58.81 6236 22.76
1028 2022 12 15 43245.40 394.548152 1810 58.81 6236 22.76
1029 2022 12 15 43245.80 394.948152 1810 58.81 6236 22.76
1030 2022 12 15 43246.40 395.328651 1810 58.81 6237 22.77
1031 2022 12 15 43246.80 395.728651 1810 58.81 6237 22.77
1032 2022 12 15 43246.40 396.109040 1810 58.81 6237 22.77
1033 2022 12 15 43246.80 396.509040 1810 58.81 6236 22.76
1034 2022 12 15 43247.40 396.889548 1810 58.81 6236 22.76
1035 2022 12 15 43247.80 397.289548 1811 58.84 6237 22.77
1036 2022 12 15 43248.40 397.669985 1810 58.81 6237 22.77
1037 2022 12 15 43248.80 398.069985 1810 58.81 6238 22.78
1038 2022 12 15 43249.40 398.450229 1810 58.81 6236 22.76
1039 2022 12 15 43249.80 398.850229 1810 58.81 6236 22.76
1040 2022 12 15 43250.40 399.230499 1810 58.81 6237 22.77
1041 2022 12 15 43250.80 399.630499 1810 58.81 6236 22.76
1042 2022 12 15 43250.40 400.010945 1810 58.81 6236 22.76
1043 2022 12 15 43250.80 400.410945 1810 58.81 6236 22.76
1044 2022 12 15 43251.40 400.791326 1810 58.81 6238 22.78
1045 2022 12 15 43251.80 401.191326 1810 58.81 6237 22.77
1046 2022 12 15 43252.00 401.172705 1810 58.81 6238 22.78
1047 2022 12 15 43252.40 401.572705 1810 58.81 6236 22.76
1048 2022 12 15 43253.00 401.952905 1810 58.81 6237 22.77
1049 2022 12 15 43253.40 402.352905 1810 58.81 6236 22.76
1050 2022 12 15 43254.00 402.733408 1810 58.81 6236 22.76
1051 2022 12 15 43254.40 403.133408 1810 58.81 6238 22.78
1052 2022 12 15 43254.00 403.513940 1810 58.81 6238 22.78
1053 2022 12 15 43254.40 403.913940 1810 58.81 6238 22.78
1054 2022 12 15 43255.00 404.294599 1810 58.81 6236 22.76
1055 2022 12 15 43255.40 404.694599 1810 58.81 6236 22.76
1056 2022 12 15 43256.00 405.075156 1809 58.78 6237 22.77
1057 2022 12 15 43256.40 405.475156 1810 58.81 6236 22.76
1058 2022 12 15 43257.00 405.855523 1810 58.81 6238 22.78
1059 2022 12 15 43257.40 406.255523 1810 58.81 6238 22.78
1060 2022 12 15 43257.80 406.655523 1810 58.81 6237 22.77
1061 2022 12 15 43257.40 407.036032 1810 58.81 6236 22.76
1062 2022 12 15 43257.80 407.436032 1809 58.78 6236 22.76
1063 2022 12 15 43258.40 407.816466 1810 58.81 6237 22.77
1064 2022 12 15 43258.80 408.216466 1810 58.81 6238 22.78
1065 2022 12 15 43259.40 408.596710 1810 58.81 6237 22.77
1066 2022 12 15 43259.80 408.996710 1810 58.81 6237 22.77
1067 2022 12 15 43260.40 409.376973 1809 58.78 6237 22.77
1068 2022 12 15 43260.80 409.776973 1810 58.81 6237 22.77
1069 2022 12 15 43261.40 410.158119 1809 58.78 6238 22.78
1070 2022 12 15 43261.80 410.558119 1810 58.81 6236 22.76
1071 2022 12 15 43261.40 410.938397 1809 58.78 6237 22.77
1072 2022 12 15 43261.80 411.338397 1809 58.78 6236 22.76
1073 2022 12 15 43262.40 411.719183 1810 58.81 6237 22.77
1074 2022 12 15 43262.80 412.119183 1809 58.78 6238 22.78
1075 2022 12 15 43263.40 412.499468 1809 58.78 6237 22.77
1076 2022 12 15 43263.80 412.899468 1810 58.81 6236 22.76
1077 2022 12 15 43264.40 413.279679 1809 58.78 6236 22.76
1078 2022 12 15 43264.80 413.679679 1809 58.78 6237 22.77
1079 2022 12 15 43264.40 414.060677 1810 58.81 6237 22.77
1080 2022 12 15 43264.80 414.460677 1810 58.81 6237 22.77
1081 2022 12 15 43265.40 414.841230 1809 58.78 6237 22.77
1082 2022 12 15 43265.80 415.241230 1809 58.78 6237 22.77
1083 2022 12 15 43266.40 415.621804 1809 58.78 6238 22.78
1084 2022 12 15 43266.80 416.021804 1810 58.81 6237 22.77
1085 2022 12 15 43267.40 416.402151 1810 58.81 6236 22.76
1086 2022 12 15 43267.80 416.802151 1810 58.81 6236 22.76
1087 2022 12 15 43268.40 417.182615 1809 58.78 6237 22.77
1088 2022 12 15 43268.80 417.582615 1810 58.81 6238 22.78
1089 2022 12 15 43268.40 417.963174 1809 58.78 6238 22.78
1090 2022 12 15 43268.80 418.363174 1810 58.81 6238 22.78
1091 2022 12 15 43269.40 418.743652 1809 58.78 6238 22.78
1092 2022 12 15 43269.80 419.143652 1809 58.78 6237 22.77
1093 2022 12 15 43270.00 419.123965 1809 58.78 6237 22.77
1094 2022 12 15 43271.00 419.904168 1809 58.78 6237 22.77
1095 2022 12 15 43271.40 420.304168 1810 58.81 6237 22.77
1096 2022 12 15 43271.00 420.684431 1809 58.78 6237 22.77
1097 2022 12 15 43271.40 421.084431 1809 58.78 6237 22.77
1098 2022 12 15 43272.00 421.464952 1809 58.78 6237 22.77
1099 2022 12 15 43272.40 421.864952 1809 58.78 6238 22.78
1100 2022 12 15 43273.00 422.245501 1809 58.78 6237 22.77
1101 2022 12 15 43273.40 422.645501 1809 58.78 6238 22.78
1102 2022 12 15 43274.00 423.025977 1809 58.78 6236 22.76
1103 2022 12 15 43274.40 423.425977 1809 58.78 6237 22.77
1104 2022 12 15 43275.00 423.806570 1810 58.81 6237 22.77
1105 2022 12 15 43275.40 424.206570 1809 58.78 6238 22.78
1106 2022 12 15 43275.00 424.587011 1809 58.78 6238 22.78
1107 2022 12 15 43275.40 424.987011 1809 58.78 6238 22.78
1108 2022 12 15 43275.80 425.387011 1809 58.78 6238 22.78
1109 2022 12 15 43276.40 425.767502 1809 58.78 6237 22.77
1110 2022 12 15 43276.80 426.167502 1810 58.81 6237 22.77
1111 2022 12 15 43277.40 426.548063 1809 58.78 6237 22.77
1112 2022 12 15 43277.80 426.948063 1809 58.78 6237 22.77
1113 2022 12 15 43278.40 427.328497 1809 58.78 6237 22.77
1114 2022 12 15 43278.80 427.728497 1810 58.81 6237 22.77
1115 2022 12 15 43278.40 428.108694 1809 58.78 6237 22.77
1116 2022 12 15 43278.80 428.508694 1809 58.78 6238 22.78
1117 2022 12 15 43279.40 428.889151 1809 58.78 6236 22.76
1118 2022 12 15 43279.80 429.289151 1809 58.78 6237 22.77
1119 2022 12 15 43280.40 429.669799 1809 58.78 6237 22.77
1120 2022 12 15 43280.80 430.069799 1809 58.78 6237 22.77
1121 2022 12 15 43281.40 430.450225 1809 58.78 6237 22.77
1122 2022 12 15 43281.80 430.850225 1809 58.78 6237 22.77
1123 2022 12 15 43282.40 431.230497 1809 58.78 6237 22.77
1124 2022 12 15 43282.80 431.630497 1809 58.78 6237 22.77
1125 2022 12 15 43282.40 432.011057 1809 58.78 6236 22.76
1126 2022 12 15 43282.80 432.411057 1809 58.78 6237 22.77
1127 2022 12 15 43283.40 432.791493 1809 58.78 6236 22.76
1128 2022 12 15 43283.80 433.191493 1809 58.78 6238 22.78
1129 2022 12 15 43284.40 433.572080 1809 58.78 6237 22.77
1130 2022 12 15 43284.80 433.972080 1809 58.78 6237 22.77
1131 2022 12 15 43285.40 434.352712 1809 58.78 6238 22.78
1132 2022 12 15 43285.80 434.752712 1809 58.78 6238 22.78
1133 2022 12 15 43286.40 435.133162 1809 58.78 6237 22.77
1134 2022 12 15 43286.80 435.533162 1809 58.78 6237 22.77
1135 2022 12 15 43286.40 435.913572 1809 58.78 6238 22.78
1136 2022 12 15 43286.80 436.313572 1809 58.78 6237 22.77
1137 2022 12 15 43287.40 436.693824 1809 58.78 6238 22.78
1138 2022 12 15 43287.80 437.093824 1809 58.78 6237 22.77
1139 2022 12 15 43288.40 437.474134 1809 58.78 6237 22.77
1140 2022 12 15 43288.80 437.874134 1809 58.78 6237 22.77
1141 2022 12 15 43289.40 438.254544 1809 58.78 6238 22.78
1142 2022 12 15 43289.80 438.654544 1809 58.78 6238 22.78
1143 2022 12 15 43289.00 438.634745 1809 58.78 6236 22.76
1144 2022 12 15 43289.40 439.034745 1810 58.81 6237 22.77
1145 2022 12 15 43290.00 439.415202 1809 58.78 6239 22.79
1146 2022 12 15 43290.40 439.815202 1810 58.81 6237 22.77
1147 2022 12 15 43291.00 440.195835 1810 58.81 6237 22.77
1148 2022 12 15 43291.40 440.595835 1810 58.81 6236 22.76
1149 2022 12 15 43292.00 440.976094 1810 58.81 6237 22.77
1150 2022 12 15 43292.40 441.376094 1810 58.81 6236 22.76
1151 2022 12 15 43293.00 441.756460 1810 58.81 6236 22.76
1152 2022 12 15 43293.40 442.156460 1810 58.81 6237 22.77
1153 2022 12 15 43293.00 442.536679 1810 58.81 6238 22.78
1154 2022 12 15 43293.40 442.936679 1810 58.81 6236 22.76
1155 2022 12 15 43293.80 443.336679 1810 58.81 6236 22.76
1156 2022 12 15 43294.40 443.716998 1810 58.81 6237 22.77
1157 2022 12 15 43294.80 444.116998 1810 58.81 6236 22.76
1158 2022 12 15 43295.40 444.497275 1810 58.81 6237 22.77
1159 2022 12 15 43295.80 444.897275 1810 58.81 6236 22.76
1160 2022 12 15 43296.40 445.277546 1811 58.84 6236 22.76
1161 2022 12 15 43296.80 445.677546 1811 58.84 6237 22.77
1162 2022 12 15 43296.40 446.057819 1811 58.84 6236 22.76
1163 2022 12 15 43296.80 446.457819 1811 58.84 6236 22.76
1164 2022 12 15 43297.40 446.838082 1811 58.84 6236 22.76
1165 2022 12 15 43297.80 447.238082 1811 58.84 6236 22.76
1166 2022 12 15 43298.40 447.618358 1811 58.84 6236 22.76
1167 2022 12 15 43298.80 448.018358 1811 58.84 6236 22.76
1168 2022 12 15 43299.40 448.398761 1811 58.84 6236 22.76
1169 2022 12 15 43299.80 448.798761 1811 58.84 6235 22.75
1170 2022 12 15 43300.40 449.179321 1811 58.84 6235 22.75
1171 2022 12 15 43300.80 449.579321 1811 58.84 6236 22.76
1172 2022 12 15 43300.40 449.959818 1812 58.87 6236 22.76
1173 2022 12 15 43300.80 450.359818 1812 58.87 6236 22.76
1174 2022 12 15 43301.40 450.740320 1811 58.84 6235 22.75
1175 2022 12 15 43301.80 451.140320 1812 58.87 6236 22.76
1176 2022 12 15 43302.40 451.520560 1812 58.87 6236 22.76
1177 2022 12 15 43302.80 451.920560 1811 58.84 6235 22.75
1178 2022 12 15 43303.40 452.301079 1812 58.87 6235 22.75
1179 2022 12 15 43303.80 452.701079 1812 58.87 6236 22.76
1180 2022 12 15 43303.40 453.081617 1812 58.87 6235 22.75
1181 2022 12 15 43303.80 453.481617 1812 58.87 6235 22.75
1182 2022 12 15 43304.40 453.862038 1812 58.87 6236 22.76
1183 2022 12 15 43304.80 454.262038 1812 58.87 6236 22.76
1184 2022 12 15 43305.40 454.642653 1812 58.87 6235 22.75
1185 2022 12 15 43305.80 455.042653 1812 58.87 6236 22.76
1186 2022 12 15 43306.40 455.423097 1813 58.90 6236 22.76
1187 2022 12 15 43306.80 455.823097 1813 58.90 6235 22.75
1188 2022 12 15 43307.40 456.203650 1812 58.87 6235 22.75
1189 2022 12 15 43307.80 456.603650 1813 58.90 6235 22.75
1190 2022 12 15 43307.00 456.584165 1812 58.87 6235 22.75
1191 2022 12 15 43307.40 456.984165 1813 58.90 6236 22.76
1192 2022 12 15 43308.00 457.364698 1813 58.90 6234 22.74
1193 2022 12 15 43308.40 457.764698 1813 58.90 6236 22.76
1194 2022 12 15 43309.00 458.145394 1813 58.90 6235 22.75
1195 2022 12 15 43309.40 458.545394 1813 58.90 6236 22.76
1196 2022 12 15 43310.00 458.925875 1814 58.93 6235 22.75
1197 2022 12 15 43310.40 459.325875 1813 58.90 6235 22.75
1198 2022 12 15 43310.00 459.706184 1813 58.90 6235 22.75
1199 2022 12 15 43310.40 460.106184 1813 58.90 6236 22.76
1200 2022 12 15 43311.00 460.486578 1813 58.90 6236 22.76
1201 2022 12 15 43311.40 460.886578 1813 58.90 6236 22.76
1202 2022 12 15 43312.00 461.267220 1813 58.90 6237 22.77
1203 2022 12 15 43312.40 461.667220 1813 58.90 6236 22.76
1204 2022 12 15 43313.00 462.047655 1813 58.90 6236 22.76
1205 2022 12 15 43313.40 462.447655 1813 58.90 6237 22.77
1206 2022 12 15 43313.80 462.847655 1813 58.90 6236 22.76
1207 2022 12 15 43314.40 463.228042 1813 58.90 6237 22.77
1208 2022 12 15 43314.80 463.628042 1813 58.90 6236 22.76
1209 2022 12 15 43314.40 464.008396 1813 58.90 6237 22.77
1210 2022 12 15 43314.80 464.408396 1813 58.90 6236 22.76
1211 2022 12 15 43315.40 464.789073 1813 58.90 6237 22.77
1212 2022 12 15 43315.80 465.189073 1813 58.90 6236 22.76
1213 2022 12 15 43316.40 465.569689 1813 58.90 6236 22.76
1214 2022 12 15 43316.80 465.969689 1813 58.90 6236 22.76
1215 2022 12 15 43317.40 466.350295 1813 58.90 6236 22.76
1216 2022 12 15 43317.80 466.750295 1813 58.90 6238 22.78
1217 2022 12 15 43318.40 467.130536 1813 58.90 6236 22.76
1218 2022 12 15 43318.80 467.530536 1814 58.93 6236 22.76
1219 2022 12 15 43318.40 467.910769 1813 58.90 6236 22.76
1220 2022 12 15 43318.80 468.310769 1813 58.90 6237 22.77
1221 2022 12 15 43319.40 468.691436 1813 58.90 6236 22.76
1222 2022 12 15 43319.80 469.091436 1813 58.90 6236 22.76
1223 2022 12 15 43320.40 469.471724 1813 58.90 6236 22.76
1224 2022 12 15 43320.80 469.871724 1813 58.90 6236 22.76
1225 2022 12 15 43321.40 470.252007 1813 58.90 6237 22.77
1226 2022 12 15 43321.80 470.652007 1814 58.93 6237 22.77
1227 2022 12 15 43321.40 471.032260 1813 58.90 6236 22.76
1228 2022 12 15 43321.80 471.432260 1813 58.90 6237 22.77
1229 2022 12 15 43322.40 471.812535 1813 58.90 6237 22.77
1230 2022 12 15 43322.80 472.212535 1813 58.90 6236 22.76
1231 2022 12 15 43323.40 472.592747 1813 58.90 6238 22.78
1232 2022 12 15 43323.80 472.992747 1813 58.90 6237 22.77
1233 2022 12 15 43324.40 473.373020 1813 58.90 6236 22.76
1234 2022 12 15 43324.80 473.773020 1813 58.90 6237 22.77
1235 2022 12 15 43325.40 474.153294 1813 58.90 6237 22.77
1236 2022 12 15 43325.80 474.553294 1813 58.90 6237 22.77
1237 2022 12 15 43325.40 474.933580 1813 58.90 6238 22.78
1238 2022 12 15 43325.80 475.333580 1813 58.90 6237 22.77
1239 2022 12 15 43326.00 475.314127 1813 58.90 6237 22.77
1240 2022 12 15 43326.40 475.714127 1813 58.90 6237 22.77
1241 2022 12 15 43327.00 476.094536 1812 58.87 6238 22.78
1242 2022 12 15 43327.40 476.494536 1813 58.90 6237 22.77
1243 2022 12 15 43328.00 476.875120 1812 58.87 6237 22.77
1244 2022 12 15 43328.40 477.275120 1812 58.87 6237 22.77
1245 2022 12 15 43328.00 477.655655 1812 58.87 6238 22.78
1246 2022 12 15 43328.40 478.055655 1813 58.90 6239 22.79
1247 2022 12 15 43329.00 478.436337 1812 58.87 6237 22.77
1248 2022 12 15 43329.40 478.836337 1812 58.87 6238 22.78
1249 2022 12 15 43330.00 479.217006 1812 58.87 6238 22.78
1250 2022 12 15 43330.40 479.617006 1812 58.87 6239 22.79
1251 2022 12 15 43331.00 479.997514 1812 58.87 6238 22.78
1252 2022 12 15 43331.40 480.397514 1812 58.87 6238 22.78
1253 2022 12 15 43331.80 480.797514 1812 58.87 6238 22.78
1254 2022 12 15 43332.40 481.177814 1812 58.87 6238 22.78
1255 2022 12 15 43332.80 481.577814 1812 58.87 6237 22.77
1256 2022 12 15 43332.40 481.958207 1812 58.87 6237 22.77
1257 2022 12 15 43332.80 482.358207 1812 58.87 6238 22.78
1258 2022 12 15 43333.40 482.738805 1812 58.87 6238 22.78
1259 2022 12 15 43333.80 483.138805 1812 58.87 6238 22.78
1260 2022 12 15 43334.40 483.519351 1812 58.87 6239 22.79
1261 2022 12 15 43334.80 483.919351 1812 58.87 6238 22.78
1262 2022 12 15 43335.40 484.299934 1812 58.87 6238 22.78
1263 2022 12 15 43335.80 484.699934 1812 58.87 6239 22.79
1264 2022 12 15 43335.40 485.080518 1812 58.87 6238 22.78
1265 2022 12 15 43335.80 485.480518 1812 58.87 6239 22.79
1266 2022 12 15 43336.40 485.860882 1812 58.87 6238 22.78
1267 2022 12 15 43336.80 486.260882 1811 58.84 6238 22.78
1268 2022 12 15 43337.40 486.641145 1812 58.87 6240 22.80
1269 2022 12 15 43337.80 487.041145 1812 58.87 6239 22.79
1270 2022 12 15 43338.40 487.421746 1812 58.87 6239 22.79
1271 2022 12 15 43338.80 487.821746 1812 58.87 6239 22.79
1272 2022 12 15 43339.40 488.202024 1812 58.87 6240 22.80
1273 2022 12 15 43339.80 488.602024 1812 58.87 6239 22.79
1274 2022 12 15 43339.40 488.982509 1811 58.84 6238 22.78
1275 2022 12 15 43339.80 489.382509 1811 58.84 6240 22.80
1276 2022 12 15 43340.40 489.762699 1811 58.84 6240 22.80
1277 2022 12 15 43340.80 490.162699 1810 58.81 6240 22.80
1278 2022 12 15 43341.40 490.543176 1811 58.84 6239 22.79
1279 2022 12 15 43341.80 490.943176 1810 58.81 6241 22.81
1280 2022 12 15 43342.40 491.323736 1810 58.81 6240 22.80
1281 2022 12 15 43342.80 491.723736 1811 58.84 6240 22.80
1282 2022 12 15 43342.40 492.104267 1810 58.81 6241 22.81
1283 2022 12 15 43342.80 492.504267 1810 58.81 6241 22.81
1284 2022 12 15 43343.40 492.884495 1810 58.81 6241 22.81
1285 2022 12 15 43343.80 493.284495 1810 58.81 6240 22.80
1286 2022 12 15 43344.00 493.265007 1810 58.81 6241 22.81
1287 2022 12 15 43344.40 493.665007 1810 58.81 6241 22.81
1288 2022 12 15 43345.00 494.045492 1810 58.81 6240 22.80
1289 2022 12 15 43345.40 494.445492 1810 58.81 6240 22.80
1290 2022 12 15 43346.00 494.825686 1810 58.81 6240 22.80
1291 2022 12 15 43346.40 495.225686 1810 58.81 6240 22.80
1292 2022 12 15 43346.00 495.605926 1809 58.78 6240 22.80
1293 2022 12 15 43346.40 496.005926 1810 58.81 6239 22.79
1294 2022 12 15 43347.00 496.386208 1810 58.81 6240 22.80
1295 2022 12 15 43347.40 496.786208 1809 58.78 6240 22.80
1296 2022 12 15 43348.00 497.166875 1809 58.78 6238 22.78
1297 2022 12 15 43348.40 497.566875 1810 58.81 6239 22.79
1298 2022 12 15 43349.00 497.947383 1810 58.81 6239 22.79
1299 2022 12 15 43349.40 498.347383 1809 58.78 6239 22.79
1300 2022 12 15 43350.00 498.727942 1809 58.78 6240 22.80
1301 2022 12 15 43350.40 499.127942 1810 58.81 6240 22.80
1302 2022 12 15 43350.80 499.527942 1809 58.78 6240 22.80
1303 2022 12 15 43350.40 499.908190 1810 58.81 6239 22.79
1304 2022 12 15 43350.80 500.308190 1810 58.81 6240 22.80
1305 2022 12 15 43351.40 500.688781 1810 58.81 6239 22.79
1306 2022 12 15 43351.80 501.088781 1810 58.81 6238 22.78
1307 2022 12 15 43352.40 501.469370 1810 58.81 6239 22.79
1308 2022 12 15 43352.80 501.869370 1810 58.81 6240 22.80
1309 2022 12 15 43353.40 502.249590 1810 58.81 6240 22.80
1310 2022 12 15 43353.80 502.649590 1810 58.81 6240 22.80
1311 2022 12 15 43353.40 503.029903 1809 58.78 6240 22.80
1312 2022 12 15 43353.80 503.429903 1810 58.81 6240 22.80
1313 2022 12 15 43354.40 503.810557 1810 58.81 6239 22.79
1314 2022 12 15 43354.80 504.210557 1810 58.81 6239 22.79
1315 2022 12 15 43355.40 504.591192 1810 58.81 6240 22.80
1316 2022 12 15 43355.80 504.991192 1810 58.81 6240 22.80
1317 2022 12 15 43356.40 505.371752 1810 58.81 6239 22.79
1318 2022 12 15 43356.80 505.771752 1810 58.81 6239 22.79
1319 2022 12 15 43357.40 506.152279 1810 58.81 6239 22.79
1320 2022 12 15 43357.80 506.552279 1810 58.81 6239 22.79
1321 2022 12 15 43357.40 506.932569 1810 58.81 6239 22.79
1322 2022 12 15 43357.80 507.332569 1810 58.81 6239 22.79
1323 2022 12 15 43358.40 507.712768 1810 58.81 6239 22.79
1324 2022 12 15 43358.80 508.112768 1810 58.81 6239 22.79
1325 2022 12 15 43359.40 508.493331 1810 58.81 6238 22.78
1326 2022 12 15 43359.80 508.893331 1810 58.81 6239 22.79
1327 2022 12 15 43360.40 509.273873 1811 58.84 6239 22.79
1328 2022 12 15 43360.80 509.673873 1811 58.84 6238 22.78
1329 2022 12 15 43360.40 510.054361 1810 58.81 6239 22.79
1330 2022 12 15 43360.80 510.454361 1810 58.81 6238 22.78
1331 2022 12 15 43361.40 510.834987 1811 58.84 6237 22.77
1332 2022 12 15 43361.80 511.234987 1810 58.81 6237 22.77
1333 2022 12 15 43362.40 511.615520 1811 58.84 6237 22.77
1334 2022 12 15 43362.80 512.015520 1810 58.81 6239 22.79
1335 2022 12 15 43363.40 512.396049 1810 58.81 6238 22.78
1336 2022 12 15 43363.80 512.796049 1811 58.84 6239 22.79
1337 2022 12 15 43364.00 512.776327 1810 58.81 6238 22.78
1338 2022 12 15 43364.40 513.176327 1810 58.81 6238 22.78
1339 2022 12 15 43364.00 513.556575 1811 58.84 6240 22.80
1340 2022 12 15 43364.40 513.956575 1811 58.84 6239 22.79
1341 2022 12 15 43365.00 514.336870 1810 58.81 6239 22.79
1342 2022 12 15 43365.40 514.736870 1811 58.84 6239 22.79
1343 2022 12 15 43366.00 515.117285 1811 58.84 6239 22.79
1344 2022 12 15 43366.40 515.517285 1811 58.84 6239 22.79
1345 2022 12 15 43367.00 515.897834 1810 58.81 6238 22.78
1346 2022 12 15 43367.40 516.297834 1811 58.84 6239 22.79
1347 2022 12 15 43367.00 516.678334 1811 58.84 6238 22.78
1348 2022 12 15 43367.40 517.078334 1810 58.81 6237 22.77
1349 2022 12 15 43367.80 517.478334 1811 58.84 6239 22.79
1350 2022 12 15 43368.40 517.858635 1811 58.84 6239 22.79
1351 2022 12 15 43368.80 518.258635 1811 58.84 6238 22.78
1352 2022 12 15 43369.40 518.638852 1811 58.84 6239 22.79
1353 2022 12 15 43369.80 519.038852 1811 58.84 6239 22.79
1354 2022 12 15 43370.40 519.419093 1811 58.84 6240 22.80
1355 2022 12 15 43370.80 519.819093 1811 58.84 6240 22.80
1356 2022 12 15 43371.40 520.199363 1810 58.81 6240 22.80
1357 2022 12 15 43371.80 520.599363 1811 58.84 6240 22.80
1358 2022 12 15 43371.40 520.979650 1811 58.84 6239 22.79
1359 2022 12 15 43371.80 521.379650 1810 58.81 6239 22.79
1360 2022 12 15 43372.40 521.759916 1811 58.84 6239 22.79
1361 2022 12 15 43372.80 522.159916 1811 58.84 6239 22.79
1362 2022 12 15 43373.40 522.540221 1810 58.81 6239 22.79
1363 2022 12 15 43373.80 522.940221 1811 58.84 6238 22.78
1364 2022 12 15 43374.40 523.320511 1810 58.81 6239 22.79
1365 2022 12 15 43374.80 523.720511 1811 58.84 6238 22.78
1366 2022 12 15 43374.40 524.100836 1810 58.81 6239 22.79
1367 2022 12 15 43374.80 524.500836 1810 58.81 6238 22.78
1368 2022 12 15 43375.40 524.881505 1810 58.81 6239 22.79
1369 2022 12 15 43375.80 525.281505 1810 58.81 6237 22.77
1370 2022 12 15 43376.40 525.662127 1810 58.81 6238 22.78
1371 2022 12 15 43376.80 526.062127 1810 58.81 6238 22.78
1372 2022 12 15 43377.40 526.442404 1810 58.81 6238 22.78
1373 2022 12 15 43377.80 526.842404 1810 58.81 6238 22.78
1374 2022 12 15 43378.40 527.222956 1810 58.81 6238 22.78
1375 2022 12 15 43378.80 527.622956 1810 58.81 6239 22.79
1376 2022 12 15 43378.40 528.003410 1809 58.78 6238 22.78
1377 2022 12 15 43378.80 528.403410 1810 58.81 6238 22.78
1378 2022 12 15 43379.40 528.783695 1810 58.81 6238 22.78
1379 2022 12 15 43379.80 529.183695 1810 58.81 6238 22.78
1380 2022 12 15 43380.40 529.563950 1810 58.81 6239 22.79
1381 2022 12 15 43380.80 529.963950 1809 58.78 6238 22.78
1382 2022 12 15 43381.40 530.344198 1810 58.81 6238 22.78
1383 2022 12 15 43381.80 530.744198 1810 58.81 6238 22.78
1384 2022 12 15 43382.00 530.724467 1810 58.81 6238 22.78
1385 2022 12 15 43382.40 531.124467 1809 58.78 6237 22.77
1386 2022 12 15 43382.00 531.504741 1809 58.78 6237 22.77
1387 2022 12 15 43382.40 531.904741 1810 58.81 6238 22.78
1388 2022 12 15 43383.00 532.285012 1810 58.81 6238 22.78
1389 2022 12 15 43383.40 532.685012 1810 58.81 6238 22.78
1390 2022 12 15 43384.00 533.065291 1810 58.81 6237 22.77
1391 2022 12 15 43384.40 533.465291 1809 58.78 6238 22.78
1392 2022 12 15 43385.00 533.845565 1810 58.81 6237 22.77
1393 2022 12 15 43385.40 534.245565 1810 58.81 6237 22.77
1394 2022 12 15 43385.00 534.626160 1810 58.81 6238 22.78
1395 2022 12 15 43385.40 535.026160 1810 58.81 6237 22.77
1396 2022 12 15 43386.00 535.406836 1810 58.81 6238 22.78
1397 2022 12 15 43386.40 535.806836 1810 58.81 6237 22.77
1398 2022 12 15 43386.80 536.206836 1810 58.81 6236 22.76
1399 2022 12 15 43387.40 536.587507 1810 58.81 6237 22.77
1400 2022 12 15 43387.80 536.987507 1810 58.81 6237 22.77
1401 2022 12 15 43388.40 537.368064 1810 58.81 6236 22.76
1402 2022 12 15 43388.80 537.768064 1810 58.81 6236 22.76
1403 2022 12 15 43389.40 538.148507 1810 58.81 6237 22.77
1404 2022 12 15 43389.80 538.548507 1810 58.81 6236 22.76
1405 2022 12 15 43389.40 538.929166 1810 58.81 6237 22.77
1406 2022 12 15 43389.80 539.329166 1810 58.81 6237 22.77
1407 2022 12 15 43390.40 539.709535 1810 58.81 6236 22.76
1408 2022 12 15 43390.80 540.109535 1810 58.81 6237 22.77
1409 2022 12 15 43391.40 540.490108 1810 58.81 6238 22.78
1410 2022 12 15 43391.80 540.890108 1810 58.81 6237 22.77
1411 2022 12 15 43392.40 541.270388 1810 58.81 6239 22.79
1412 2022 12 15 43392.80 541.670388 1810 58.81 6237 22.77
1413 2022 12 15 43392.40 542.050992 1810 58.81 6237 22.77
1414 2022 12 15 43392.80 542.450992 1810 58.81 6237 22.77
1415 2022 12 15 43393.40 542.831231 1811 58.84 6237 22.77
1416 2022 12 15 43393.80 543.231231 1811 58.84 6237 22.77
1417 2022 12 15 43394.40 543.611730 1810 58.81 6236 22.76
1418 2022 12 15 43394.80 544.011730 1810 58.81 6236 22.76
1419 2022 12 15 43395.40 544.392050 1811 58.84 6236 22.76
1420 2022 12 15 43395.80 544.792050 1810 58.81 6238 22.78
1421 2022 12 15 43396.40 545.172497 1810 58.81 6236 22.76
1422 2022 12 15 43396.80 545.572497 1811 58.84 6236 22.76
1423 2022 12 15 43396.40 545.953018 1811 58.84 6236 22.76
1424 2022 12 15 43396.80 546.353018 1811 58.84 6236 22.76
1425 2022 12 15 43397.40 546.733638 1811 58.84 6238 22.78
1426 2022 12 15 43397.80 547.133638 1811 58.84 6236 22.76
1427 2022 12 15 43398.40 547.514185 1811 58.84 6236 22.76
1428 2022 12 15 43398.80 547.914185 1811 58.84 6236 22.76
1429 2022 12 15 43399.40 548.294691 1812 58.87 6237 22.77
1430 2022 12 15 43399.80 548.694691 1811 58.84 6238 22.78
1431 2022 12 15 43399.40 549.075059 1812 58.87 6237 22.77
1432 2022 12 15 43399.80 549.475059 1811 58.84 6237 22.77
1433 2022 12 15 43400.00 549.455271 1811 58.84 6237 22.77
1434 2022 12 15 43400.40 549.855271 1810 58.81 6237 22.77
1435 2022 12 15 43401.00 550.235853 1811 58.84 6238 22.78
1436 2022 12 15 43401.40 550.635853 1811 58.84 6236 22.76
1437 2022 12 15 43402.00 551.016226 1811 58.84 6238 22.78
1438 2022 12 15 43402.40 551.416226 1811 58.84 6237 22.77
1439 2022 12 15 43403.00 551.796482 1811 58.84 6237 22.77
1440 2022 12 15 43403.40 552.196482 1811 58.84 6238 22.78
1441 2022 12 15 43403.00 552.577024 1811 58.84 6238 22.78
1442 2022 12 15 43403.40 552.977024 1811 58.84 6238 22.78
1443 2022 12 15 43404.00 553.357384 1811 58.84 6237 22.77
1444 2022 12 15 43404.40 553.757384 1811 58.84 6238 22.78
1445 2022 12 15 43405.00 554.137639 1811 58.84 6239 22.79
1446 2022 12 15 43405.40 554.537639 1811 58.84 6238 22.78
1447 2022 12 15 43405.80 554.937639 1811 58.84 6238 22.78
1448 2022 12 15 43406.40 555.318120 1811 58.84 6238 22.78
1449 2022 12 15 43406.80 555.718120 1812 58.87 6237 22.77
1450 2022 12 15 43406.40 556.098768 1812 58.87 6238 22.78
1451 2022 12 15 43406.80 556.498768 1811 58.84 6237 22.77
1452 2022 12 15 43407.40 556.879321 1811 58.84 6238 22.78
1453 2022 12 15 43407.80 557.279321 1811 58.84 6238 22.78
1454 2022 12 15 43408.40 557.659741 1811 58.84 6239 22.79
1455 2022 12 15 43408.80 558.059741 1811 58.84 6237 22.77
1456 2022 12 15 43409.40 558.440265 1811 58.84 6238 22.78
1457 2022 12 15 43409.80 558.840265 1811 58.84 6239 22.79
1458 2022 12 15 43410.40 559.220747 1811 58.84 6238 22.78
1459 2022 12 15 43410.80 559.620747 1811 58.84 6238 22.78
1460 2022 12 15 43410.40 560.000976 1811 58.84 6238 22.78
1461 2022 12 15 43410.80 560.400976 1811 58.84 6238 22.78
1462 2022 12 15 43411.40 560.781240 1810 58.81 6238 22.78
1463 2022 12 15 43411.80 561.181240 1810 58.81 6238 22.78
1464 2022 12 15 43412.40 561.561731 1811 58.84 6239 22.79
1465 2022 12 15 43412.80 561.961731 1810 58.81 6238 22.78
1466 2022 12 15 43413.40 562.342000 1810 58.81 6238 22.78
1467 2022 12 15 43413.80 562.742000 1810 58.81 6238 22.78
1468 2022 12 15 43414.40 563.122675 1810 58.81 6238 22.78
1469 2022 12 15 43414.80 563.522675 1811 58.84 6239 22.79
1470 2022 12 15 43414.40 563.903257 1810 58.81 6238 22.78
1471 2022 12 15 43414.80 564.303257 1810 58.81 6239 22.79
1472 2022 12 15 43415.40 564.683547 1810 58.81 6239 22.79
1473 2022 12 15 43415.80 565.083547 1810 58.81 6240 22.80
1474 2022 12 15 43416.40 565.464236 1810 58.81 6238 22.78
1475 2022 12 15 43416.80 565.864236 1810 58.81 6238 22.78
1476 2022 12 15 43417.40 566.244852 1810 58.81 6239 22.79
1477 2022 12 15 43417.80 566.644852 1810 58.81 6238 22.78
1478 2022 12 15 43417.40 567.025484 1810 58.81 6239 22.79
1479 2022 12 15 43417.80 567.425484 1810 58.81 6239 22.79
1480 2022 12 15 43418.40 567.806150 1810 58.81 6240 22.80
1481 2022 12 15 43418.80 568.206150 1809 58.78 6238 22.78
1482 2022 12 15 43419.00 568.186874 1810 58.81 6240 22.80
1483 2022 12 15 43419.40 568.586874 1810 58.81 6239 22.79
1484 2022 12 15 43420.00 568.967493 1810 58.81 6239 22.79
1485 2022 12 15 43420.40 569.367493 1810 58.81 6238 22.78
1486 2022 12 15 43421.00 569.748063 1810 58.81 6238 22.78
1487 2022 12 15 43421.40 570.148063 1810 58.81 6238 22.78
1488 2022 12 15 43421.00 570.528749 1810 58.81 6238 22.78
1489 2022 12 15 43421.40 570.928749 1810 58.81 6239 22.79
1490 2022 12 15 43422.00 571.309369 1810 58.81 6239 22.79
1491 2022 12 15 43422.40 571.709369 1810 58.81 6238 22.78
1492 2022 12 15 43423.00 572.089719 1809 58.78 6238 22.78
1493 2022 12 15 43423.40 572.489719 1810 58.81 6239 22.79
1494 2022 12 15 43423.80 572.889719 1809 58.78 6238 22.78
1495 2022 12 15 43424.40 573.270435 1809 58.78 6238 22.78
1496 2022 12 15 43424.80 573.670435 1810 58.81 6239 22.79
1497 2022 12 15 43424.40 574.050974 1810 58.81 6239 22.79
1498 2022 12 15 43424.80 574.450974 1809 58.78 6240 22.80
1499 2022 12 15 43425.40 574.831677 1809 58.78 6238 22.78
1500 2022 12 15 43425.80 575.231677 1809 58.78 6240 22.80
1501 2022 12 15 43426.40 575.612409 1810 58.81 6239 22.79
1502 2022 12 15 43426.80 576.012409 1809 58.78 6238 22.78
1503 2022 12 15 43427.40 576.392982 1810 58.81 6238 22.78
1504 2022 12 15 43427.80 576.792982 1809 58.78 6239 22.79
1505 2022 12 15 43428.40 577.173493 1809 58.78 6240 22.80
1506 2022 12 15 43428.80 577.573493 1809 58.78 6238 22.78
1507 2022 12 15 43428.40 577.953906 1809 58.78 6239 22.79
1508 2022 12 15 43428.80 578.353906 1809 58.78 6238 22.78
1509 2022 12 15 43429.40 578.734656 1809 58.78 6239 22.79
1510 2022 12 15 43429.80 579.134656 1809 58.78 6238 22.78
1511 2022 12 15 43430.40 579.515276 1809 58.78 6239 22.79
1512 2022 12 15 43430.80 579.915276 1809 58.78 6239 22.79
1513 2022 12 15 43431.40 580.295802 1809 58.78 6238 22.78
1514 2022 12 15 43431.80 580.695802 1809 58.78 6239 22.79
1515 2022 12 15 43431.40 581.076325 1809 58.78 6238 22.78
1516 2022 12 15 43431.80 581.476325 1809 58.78 6237 22.77
1517 2022 12 15 43432.40 581.856943 1809 58.78 6238 22.78
1518 2022 12 15 43432.80 582.256943 1809 58.78 6238 22.78
1519 2022 12 15 43433.40 582.637632 1809 58.78 6238 22.78
1520 2022 12 15 43433.80 583.037632 1810 58.81 6238 22.78
1521 2022 12 15 43434.40 583.418313 1809 58.78 6238 22.78
1522 2022 12 15 43434.80 583.818313 1810 58.81 6238 22.78
1523 2022 12 15 43435.40 584.198981 1809 58.78 6238 22.78
1524 2022 12 15 43435.80 584.598981 1809 58.78 6238 22.78
1525 2022 12 15 43435.40 584.979373 1809 58.78 6238 22.78
1526 2022 12 15 43435.80 585.379373 1810 58.81 6238 22.78
1527 2022 12 15 43436.40 585.760141 1809 58.78 6237 22.77
1528 2022 12 15 43436.80 586.160141 1810 58.81 6238 22.78
1529 2022 12 15 43437.40 586.540685 1809 58.78 6238 22.78
1530 2022 12 15 43437.80 586.940685 1810 58.81 6238 22.78
1531 2022 12 15 43438.00 586.921387 1810 58.81 6238 22.78
1532 2022 12 15 43438.40 587.321387 1809 58.78 6237 22.77
1533 2022 12 15 43438.00 587.702098 1809 58.78 6238 22.78
1534 2022 12 15 43438.40 588.102098 1809 58.78 6238 22.78
1535 2022 12 15 43439.00 588.482629 1809 58.78 6238 22.78
1536 2022 12 15 43439.40 588.882629 1810 58.81 6238 22.78
1537 2022 12 15 43440.00 589.263030 1809 58.78 6238 22.78
1538 2022 12 15 43440.40 589.663030 1809 58.78 6238 22.78
1539 2022 12 15 43441.00 590.043298 1809 58.78 6238 22.78
1540 2022 12 15 43441.40 590.443298 1809 58.78 6238 22.78
1541 2022 12 15 43442.00 590.823708 1809 58.78 6238 22.78
1542 2022 12 15 43442.40 591.223708 1809 58.78 6238 22.78
1543 2022 12 15 43442.80 591.623708 1809 58.78 6238 22.78
1544 2022 12 15 43442.40 592.004187 1809 58.78 6237 22.77
1545 2022 12 15 43442.80 592.404187 1809 58.78 6238 22.78
1546 2022 12 15 43443.40 592.784634 1809 58.78 6239 22.79
1547 2022 12 15 43443.80 593.184634 1809 58.78 6238 22.78
1548 2022 12 15 43444.40 593.565035 1809 58.78 6238 22.78
1549 2022 12 15 43444.80 593.965035 1809 58.78 6238 22.78
1550 2022 12 15 43445.40 594.345298 1810 58.81 6238 22.78
1551 2022 12 15 43445.80 594.745298 1809 58.78 6239 22.79
1552 2022 12 15 43446.40 595.125577 1809 58.78 6237 22.77
1553 2022 12 15 43446.80 595.525577 1809 58.78 6239 22.79
1554 2022 12 15 43446.40 595.905855 1809 58.78 6237 22.77
1555 2022 12 15 43446.80 596.305855 1809 58.78 6238 22.78
1556 2022 12 15 43447.40 596.686547 1809 58.78 6238 22.78
1557 2022 12 15 43447.80 597.086547 1808 58.75 6238 22.78
1558 2022 12 15 43448.40 597.467140 1809 58.78 6238 22.78
1559 2022 12 15 43448.80 597.867140 1809 58.78 6238 22.78
1560 2022 12 15 43449.40 598.247732 1809 58.78 6239 22.79
1561 2022 12 15 43449.80 598.647732 1809 58.78 6239 22.79
1562 2022 12 15 43449.40 599.028254 1809 58.78 6238 22.78
1563 2022 12 15 43449.80 599.428254 1809 58.78 6238 22.78
1564 2022 12 15 43450.40 599.808799 1809 58.78 6238 22.78
1565 2022 12 15 43450.80 600.208799 1808 58.75 6238 22.78
1566 2022 12 15 43451.40 600.589369 1809 58.78 6239 22.79
1567 2022 12 15 43451.80 600.989369 1809 58.78 