n anno mese giorno hum_int time RH_raw RH_true temp_int temp_corr
0 2022 12 15 44635.00 0.821545 1812 55.34 6237 22.77
1 2022 12 15 44635.40 1.221545 1812 58.87 6238 22.78
2 2022 12 15 44635.40 2.042580 1812 58.87 6237 22.77
3 2022 12 15 44635.80 2.442580 1812 58.87 6238 22.78
4 2022 12 15 44636.40 2.862965 1813 58.90 6236 22.76
5 2022 12 15 44636.80 3.262965 1813 58.90 6237 22.77
6 2022 12 15 44637.00 3.283783 1813 58.90 6238 22.78
7 2022 12 15 44637.40 3.683783 1812 58.87 6237 22.77
8 2022 12 15 44638.00 4.104378 1812 58.87 6237 22.77
9 2022 12 15 44638.40 4.504378 1813 58.90 6237 22.77
10 2022 12 15 44638.80 4.904378 1812 58.87 6238 22.78
11 2022 12 15 44639.40 5.325145 1812 58.87 6238 22.78
12 2022 12 15 44639.80 5.725145 1813 58.90 6237 22.77
13 2022 12 15 44639.40 6.145466 1813 58.90 6238 22.78
14 2022 12 15 44639.80 6.545466 1813 58.90 6238 22.78
15 2022 12 15 44640.40 6.965820 1813 58.90 6238 22.78
16 2022 12 15 44640.80 7.365820 1813 58.90 6237 22.77
17 2022 12 15 44641.40 7.786203 1813 58.90 6237 22.77
18 2022 12 15 44641.80 8.186203 1813 58.90 6236 22.76
19 2022 12 15 44642.40 8.606577 1813 58.90 6237 22.77
20 2022 12 15 44642.80 9.006577 1813 58.90 6236 22.76
21 2022 12 15 44643.00 9.027002 1813 58.90 6236 22.76
22 2022 12 15 44643.40 9.427002 1813 58.90 6238 22.78
23 2022 12 15 44644.00 9.847394 1813 58.90 6236 22.76
24 2022 12 15 44644.40 10.247394 1813 58.90 6237 22.77
25 2022 12 15 44644.80 10.647394 1813 58.90 6237 22.77
26 2022 12 15 44644.40 11.067866 1813 58.90 6238 22.78
27 2022 12 15 44644.80 11.467866 1813 58.90 6237 22.77
28 2022 12 15 44645.40 11.888318 1813 58.90 6238 22.78
29 2022 12 15 44645.80 12.288318 1813 58.90 6237 22.77
30 2022 12 15 44646.40 12.708867 1813 58.90 6237 22.77
31 2022 12 15 44646.80 13.108867 1813 58.90 6236 22.76
32 2022 12 15 44647.40 13.529215 1813 58.90 6236 22.76
33 2022 12 15 44647.80 13.929215 1813 58.90 6238 22.78
34 2022 12 15 44648.40 14.349689 1812 58.87 6238 22.78
35 2022 12 15 44648.80 14.749689 1813 58.90 6238 22.78
36 2022 12 15 44648.00 14.770125 1813 58.90 6238 22.78
37 2022 12 15 44648.40 15.170125 1812 58.87 6237 22.77
38 2022 12 15 44649.00 15.590389 1813 58.90 6238 22.78
39 2022 12 15 44649.40 15.990389 1813 58.90 6238 22.78
40 2022 12 15 44649.80 16.390389 1813 58.90 6237 22.77
41 2022 12 15 44650.40 16.810702 1812 58.87 6238 22.78
42 2022 12 15 44650.80 17.210702 1813 58.90 6237 22.77
43 2022 12 15 44651.40 17.630994 1813 58.90 6238 22.78
44 2022 12 15 44651.80 18.030994 1813 58.90 6237 22.77
45 2022 12 15 44652.40 18.451265 1813 58.90 6237 22.77
46 2022 12 15 44652.80 18.851265 1812 58.87 6237 22.77
47 2022 12 15 44653.40 19.271523 1812 58.87 6238 22.78
48 2022 12 15 44653.80 19.671523 1813 58.90 6237 22.77
49 2022 12 15 44653.40 20.091776 1812 58.87 6238 22.78
50 2022 12 15 44653.80 20.491776 1813 58.90 6238 22.78
51 2022 12 15 44654.00 20.512260 1813 58.90 6238 22.78
52 2022 12 15 44654.40 20.912260 1813 58.90 6236 22.76
53 2022 12 15 44654.80 21.312260 1813 58.90 6237 22.77
54 2022 12 15 44655.40 21.732828 1813 58.90 6237 22.77
55 2022 12 15 44655.80 22.132828 1813 58.90 6238 22.78
56 2022 12 15 44656.40 22.553257 1812 58.87 6237 22.77
57 2022 12 15 44656.80 22.953257 1813 58.90 6238 22.78
58 2022 12 15 44657.40 23.373704 1813 58.90 6237 22.77
59 2022 12 15 44657.80 23.773704 1813 58.90 6237 22.77
60 2022 12 15 44657.40 24.194188 1813 58.90 6237 22.77
61 2022 12 15 44657.80 24.594188 1813 58.90 6238 22.78
62 2022 12 15 44658.40 25.014741 1813 58.90 6238 22.78
63 2022 12 15 44658.80 25.414741 1813 58.90 6237 22.77
64 2022 12 15 44659.00 25.434982 1813 58.90 6237 22.77
65 2022 12 15 44659.40 25.834982 1813 58.90 6236 22.76
66 2022 12 15 44660.00 26.255189 1813 58.90 6237 22.77
67 2022 12 15 44660.40 26.655189 1813 58.90 6237 22.77
68 2022 12 15 44661.00 27.075418 1813 58.90 6237 22.77
69 2022 12 15 44661.40 27.475418 1813 58.90 6238 22.78
70 2022 12 15 44661.80 27.875418 1813 58.90 6238 22.78
71 2022 12 15 44662.40 28.295723 1813 58.90 6237 22.77
72 2022 12 15 44662.80 28.695723 1813 58.90 6236 22.76
73 2022 12 15 44662.40 29.116004 1813 58.90 6237 22.77
74 2022 12 15 44662.80 29.516004 1813 58.90 6238 22.78
75 2022 12 15 44663.40 29.936284 1812 58.87 6238 22.78
76 2022 12 15 44663.80 30.336284 1813 58.90 6238 22.78
77 2022 12 15 44664.40 30.756924 1812 58.87 6238 22.78
78 2022 12 15 44664.80 31.156924 1813 58.90 6238 22.78
79 2022 12 15 44665.00 31.177462 1812 58.87 6237 22.77
80 2022 12 15 44665.40 31.577462 1812 58.87 6238 22.78
81 2022 12 15 44666.00 31.997752 1813 58.90 6238 22.78
82 2022 12 15 44666.40 32.397752 1812 58.87 6238 22.78
83 2022 12 15 44666.80 32.797752 1813 58.90 6238 22.78
84 2022 12 15 44667.40 33.218342 1813 58.90 6238 22.78
85 2022 12 15 44667.80 33.618342 1812 58.87 6237 22.77
86 2022 12 15 44667.40 34.038912 1813 58.90 6237 22.77
87 2022 12 15 44667.80 34.438912 1812 58.87 6239 22.79
88 2022 12 15 44668.40 34.859393 1813 58.90 6238 22.78
89 2022 12 15 44668.80 35.259393 1812 58.87 6237 22.77
90 2022 12 15 44669.40 35.679670 1812 58.87 6238 22.78
91 2022 12 15 44669.80 36.079670 1812 58.87 6238 22.78
92 2022 12 15 44670.40 36.500204 1812 58.87 6236 22.76
93 2022 12 15 44670.80 36.900204 1812 58.87 6237 22.77
94 2022 12 15 44671.00 36.920404 1812 58.87 6238 22.78
95 2022 12 15 44671.40 37.320404 1813 58.90 6238 22.78
96 2022 12 15 44671.00 37.740733 1812 58.87 6238 22.78
97 2022 12 15 44671.40 38.140733 1812 58.87 6238 22.78
98 2022 12 15 44671.80 38.540733 1812 58.87 6239 22.79
99 2022 12 15 44672.40 38.961164 1812 58.87 6238 22.78
100 2022 12 15 44672.80 39.361164 1812 58.87 6238 22.78
101 2022 12 15 44673.40 39.781647 1812 58.87 6237 22.77
102 2022 12 15 44673.80 40.181647 1812 58.87 6239 22.79
103 2022 12 15 44674.40 40.601916 1812 58.87 6238 22.78
104 2022 12 15 44674.80 41.001916 1812 58.87 6238 22.78
105 2022 12 15 44675.40 41.422389 1812 58.87 6238 22.78
106 2022 12 15 44675.80 41.822389 1812 58.87 6238 22.78
107 2022 12 15 44676.40 42.242905 1812 58.87 6238 22.78
108 2022 12 15 44676.80 42.642905 1812 58.87 6238 22.78
109 2022 12 15 44676.00 42.663172 1812 58.87 6238 22.78
110 2022 12 15 44676.40 43.063172 1812 58.87 6237 22.77
111 2022 12 15 44677.00 43.483810 1812 58.87 6238 22.78
112 2022 12 15 44677.40 43.883810 1812 58.87 6238 22.78
113 2022 12 15 44677.80 44.283810 1812 58.87 6239 22.79
114 2022 12 15 44678.40 44.704193 1812 58.87 6237 22.77
115 2022 12 15 44678.80 45.104193 1812 58.87 6238 22.78
116 2022 12 15 44679.40 45.524727 1812 58.87 6238 22.78
117 2022 12 15 44679.80 45.924727 1812 58.87 6238 22.78
118 2022 12 15 44680.40 46.344988 1812 58.87 6238 22.78
119 2022 12 15 44680.80 46.744988 1812 58.87 6237 22.77
120 2022 12 15 44680.40 47.165440 1813 58.90 6238 22.78
121 2022 12 15 44680.80 47.565440 1812 58.87 6238 22.78
122 2022 12 15 44681.40 47.985928 1812 58.87 6237 22.77
123 2022 12 15 44681.80 48.385928 1813 58.90 6238 22.78
124 2022 12 15 44682.00 48.406389 1812 58.87 6239 22.79
125 2022 12 15 44682.40 48.806389 1812 58.87 6238 22.78
126 2022 12 15 44683.00 49.226965 1812 58.87 6238 22.78
127 2022 12 15 44683.40 49.626965 1812 58.87 6238 22.78
128 2022 12 15 44683.80 50.026965 1813 58.90 6239 22.79
129 2022 12 15 44684.40 50.447500 1812 58.87 6238 22.78
130 2022 12 15 44684.80 50.847500 1812 58.87 6239 22.79
131 2022 12 15 44685.40 51.267996 1813 58.90 6238 22.78
132 2022 12 15 44685.80 51.667996 1812 58.87 6238 22.78
133 2022 12 15 44685.40 52.088270 1813 58.90 6238 22.78
134 2022 12 15 44685.80 52.488270 1812 58.87 6237 22.77
135 2022 12 15 44686.40 52.908916 1812 58.87 6238 22.78
136 2022 12 15 44686.80 53.308916 1812 58.87 6238 22.78
137 2022 12 15 44687.40 53.729363 1812 58.87 6239 22.79
138 2022 12 15 44687.80 54.129363 1812 58.87 6238 22.78
139 2022 12 15 44688.00 54.149860 1812 58.87 6238 22.78
140 2022 12 15 44688.40 54.549860 1812 58.87 6238 22.78
141 2022 12 15 44688.80 54.949860 1812 58.87 6238 22.78
142 2022 12 15 44689.40 55.370116 1812 58.87 6239 22.79
143 2022 12 15 44689.80 55.770116 1812 58.87 6238 22.78
144 2022 12 15 44689.40 56.190609 1812 58.87 6239 22.79
145 2022 12 15 44689.80 56.590609 1812 58.87 6239 22.79
146 2022 12 15 44690.40 57.011067 1812 58.87 6238 22.78
147 2022 12 15 44690.80 57.411067 1812 58.87 6238 22.78
148 2022 12 15 44691.40 57.831664 1813 58.90 6239 22.79
149 2022 12 15 44691.80 58.231664 1812 58.87 6238 22.78
150 2022 12 15 44692.40 58.652245 1812 58.87 6238 22.78
151 2022 12 15 44692.80 59.052245 1812 58.87 6238 22.78
152 2022 12 15 44693.00 59.072665 1812 58.87 6238 22.78
153 2022 12 15 44693.40 59.472665 1812 58.87 6238 22.78
154 2022 12 15 44694.00 59.893229 1813 58.90 6238 22.78
155 2022 12 15 44694.40 60.293229 1813 58.90 6239 22.79
156 2022 12 15 44694.80 60.693229 1812 58.87 6238 22.78
157 2022 12 15 44694.40 61.113900 1812 58.87 6238 22.78
158 2022 12 15 44694.80 61.513900 1812 58.87 6238 22.78
159 2022 12 15 44695.40 61.934490 1812 58.87 6238 22.78
160 2022 12 15 44695.80 62.334490 1813 58.90 6239 22.79
161 2022 12 15 44696.40 62.755018 1812 58.87 6238 22.78
162 2022 12 15 44696.80 63.155018 1812 58.87 6238 22.78
163 2022 12 15 44697.40 63.575560 1813 58.90 6238 22.78
164 2022 12 15 44697.80 63.975560 1812 58.87 6238 22.78
165 2022 12 15 44698.40 64.396141 1812 58.87 6238 22.78
166 2022 12 15 44698.80 64.796141 1812 58.87 6239 22.79
167 2022 12 15 44699.00 64.816582 1813 58.90 6239 22.79
168 2022 12 15 44699.40 65.216582 1812 58.87 6238 22.78
169 2022 12 15 44699.00 65.636844 1812 58.87 6238 22.78
170 2022 12 15 44699.40 66.036844 1812 58.87 6238 22.78
171 2022 12 15 44699.80 66.436844 1812 58.87 6238 22.78
172 2022 12 15 44700.40 66.857115 1812 58.87 6238 22.78
173 2022 12 15 44700.80 67.257115 1812 58.87 6239 22.79
174 2022 12 15 44701.40 67.677353 1813 58.90 6238 22.78
175 2022 12 15 44701.80 68.077353 1812 58.87 6238 22.78
176 2022 12 15 44702.40 68.497605 1812 58.87 6238 22.78
177 2022 12 15 44702.80 68.897605 1812 58.87 6237 22.77
178 2022 12 15 44703.40 69.317875 1813 58.90 6238 22.78
179 2022 12 15 44703.80 69.717875 1813 58.90 6239 22.79
180 2022 12 15 44703.40 70.138115 1812 58.87 6237 22.77
181 2022 12 15 44703.80 70.538115 1813 58.90 6239 22.79
182 2022 12 15 44704.00 70.558385 1812 58.87 6238 22.78
183 2022 12 15 44704.40 70.958385 1812 58.87 6238 22.78
184 2022 12 15 44705.00 71.379021 1812 58.87 6238 22.78
185 2022 12 15 44705.40 71.779021 1812 58.87 6237 22.77
186 2022 12 15 44705.80 72.179021 1812 58.87 6238 22.78
187 2022 12 15 44706.40 72.599612 1813 58.90 6238 22.78
188 2022 12 15 44706.80 72.999612 1812 58.87 6238 22.78
189 2022 12 15 44707.40 73.420112 1813 58.90 6238 22.78
190 2022 12 15 44707.80 73.820112 1813 58.90 6238 22.78
191 2022 12 15 44708.40 74.240613 1812 58.87 6238 22.78
192 2022 12 15 44708.80 74.640613 1812 58.87 6239 22.79
193 2022 12 15 44708.40 75.061178 1812 58.87 6238 22.78
194 2022 12 15 44708.80 75.461178 1813 58.90 6238 22.78
195 2022 12 15 44709.40 75.881823 1813 58.90 6237 22.77
196 2022 12 15 44709.80 76.281823 1813 58.90 6238 22.78
197 2022 12 15 44710.00 76.302486 1813 58.90 6238 22.78
198 2022 12 15 44710.40 76.702486 1812 58.87 6237 22.77
199 2022 12 15 44711.00 77.123014 1813 58.90 6238 22.78
200 2022 12 15 44711.40 77.523014 1812 58.87 6238 22.78
201 2022 12 15 44711.80 77.923014 1812 58.87 6238 22.78
202 2022 12 15 44712.40 78.343636 1812 58.87 6238 22.78
203 2022 12 15 44712.80 78.743636 1812 58.87 6238 22.78
204 2022 12 15 44712.40 79.163913 1812 58.87 6238 22.78
205 2022 12 15 44712.80 79.563913 1812 58.87 6238 22.78
206 2022 12 15 44713.40 79.984316 1812 58.87 6237 22.77
207 2022 12 15 44713.80 80.384316 1812 58.87 6238 22.78
208 2022 12 15 44714.40 80.804778 1812 58.87 6238 22.78
209 2022 12 15 44714.80 81.204778 1812 58.87 6237 22.77
210 2022 12 15 44715.40 81.625326 1812 58.87 6238 22.78
211 2022 12 15 44715.80 82.025326 1812 58.87 6238 22.78
212 2022 12 15 44716.00 82.045886 1812 58.87 6238 22.78
213 2022 12 15 44716.40 82.445886 1812 58.87 6238 22.78
214 2022 12 15 44717.00 82.866362 1812 58.87 6240 22.80
215 2022 12 15 44717.40 83.266362 1812 58.87 6239 22.79
216 2022 12 15 44717.80 83.666362 1812 58.87 6238 22.78
217 2022 12 15 44717.40 84.086739 1812 58.87 6239 22.79
218 2022 12 15 44717.80 84.486739 1812 58.87 6238 22.78
219 2022 12 15 44718.40 84.907125 1812 58.87 6238 22.78
220 2022 12 15 44718.80 85.307125 1812 58.87 6238 22.78
221 2022 12 15 44719.40 85.727501 1812 58.87 6239 22.79
222 2022 12 15 44719.80 86.127501 1812 58.87 6238 22.78
223 2022 12 15 44720.40 86.548086 1812 58.87 6238 22.78
224 2022 12 15 44720.80 86.948086 1812 58.87 6239 22.79
225 2022 12 15 44721.00 86.968295 1811 58.84 6238 22.78
226 2022 12 15 44721.40 87.368295 1812 58.87 6239 22.79
227 2022 12 15 44721.00 87.788785 1812 58.87 6238 22.78
228 2022 12 15 44721.40 88.188785 1812 58.87 6238 22.78
229 2022 12 15 44721.80 88.588785 1812 58.87 6239 22.79
230 2022 12 15 44722.40 89.009306 1812 58.87 6238 22.78
231 2022 12 15 44722.80 89.409306 1812 58.87 6238 22.78
232 2022 12 15 44723.40 89.829880 1812 58.87 6238 22.78
233 2022 12 15 44723.80 90.229880 1812 58.87 6238 22.78
234 2022 12 15 44724.40 90.650165 1812 58.87 6238 22.78
235 2022 12 15 44724.80 91.050165 1812 58.87 6238 22.78
236 2022 12 15 44725.40 91.470415 1812 58.87 6238 22.78
237 2022 12 15 44725.80 91.870415 1812 58.87 6237 22.77
238 2022 12 15 44726.40 92.290780 1812 58.87 6238 22.78
239 2022 12 15 44726.80 92.690780 1812 58.87 6238 22.78
240 2022 12 15 44726.00 92.711034 1812 58.87 6239 22.79
241 2022 12 15 44726.40 93.111034 1812 58.87 6238 22.78
242 2022 12 15 44727.00 93.531539 1812 58.87 6238 22.78
243 2022 12 15 44727.40 93.931539 1812 58.87 6238 22.78
244 2022 12 15 44727.80 94.331539 1812 58.87 6238 22.78
245 2022 12 15 44728.40 94.752099 1812 58.87 6238 22.78
246 2022 12 15 44728.80 95.152099 1812 58.87 6238 22.78
247 2022 12 15 44729.40 95.572671 1812 58.87 6239 22.79
248 2022 12 15 44729.80 95.972671 1812 58.87 6238 22.78
249 2022 12 15 44730.40 96.393314 1812 58.87 6239 22.79
250 2022 12 15 44730.80 96.793314 1812 58.87 6239 22.79
251 2022 12 15 44731.40 97.213518 1812 58.87 6239 22.79
252 2022 12 15 44731.80 97.613518 1812 58.87 6238 22.78
253 2022 12 15 44731.40 98.034037 1812 58.87 6238 22.78
254 2022 12 15 44731.80 98.434037 1812 58.87 6238 22.78
255 2022 12 15 44732.00 98.454640 1812 58.87 6237 22.77
256 2022 12 15 44732.40 98.854640 1813 58.90 6238 22.78
257 2022 12 15 44733.00 99.275427 1812 58.87 6240 22.80
258 2022 12 15 44733.40 99.675427 1812 58.87 6238 22.78
259 2022 12 15 44733.80 100.075427 1812 58.87 6238 22.78
260 2022 12 15 44734.40 100.496271 1812 58.87 6238 22.78
261 2022 12 15 44734.80 100.896271 1812 58.87 6238 22.78
262 2022 12 15 44735.40 101.316512 1812 58.87 6239 22.79
263 2022 12 15 44735.80 101.716512 1812 58.87 6238 22.78
264 2022 12 15 44735.40 102.136757 1812 58.87 6238 22.78
265 2022 12 15 44735.80 102.536757 1812 58.87 6238 22.78
266 2022 12 15 44736.40 102.957024 1813 58.90 6237 22.77
267 2022 12 15 44736.80 103.357024 1812 58.87 6238 22.78
268 2022 12 15 44737.40 103.777287 1812 58.87 6238 22.78
269 2022 12 15 44737.80 104.177287 1812 58.87 6239 22.79
270 2022 12 15 44738.00 104.197565 1812 58.87 6237 22.77
271 2022 12 15 44738.40 104.597565 1812 58.87 6239 22.79
272 2022 12 15 44739.00 105.018091 1812 58.87 6239 22.79
273 2022 12 15 44739.40 105.418091 1812 58.87 6239 22.79
274 2022 12 15 44739.80 105.818091 1812 58.87 6238 22.78
275 2022 12 15 44740.40 106.238551 1812 58.87 6238 22.78
276 2022 12 15 44740.80 106.638551 1812 58.87 6238 22.78
277 2022 12 15 44740.40 107.059027 1812 58.87 6240 22.80
278 2022 12 15 44740.80 107.459027 1812 58.87 6239 22.79
279 2022 12 15 44741.40 107.879535 1812 58.87 6238 22.78
280 2022 12 15 44741.80 108.279535 1812 58.87 6238 22.78
281 2022 12 15 44742.40 108.700184 1812 58.87 6238 22.78
282 2022 12 15 44742.80 109.100184 1812 58.87 6238 22.78
283 2022 12 15 44743.40 109.520668 1812 58.87 6238 22.78
284 2022 12 15 44743.80 109.920668 1812 58.87 6238 22.78
285 2022 12 15 44744.00 109.941017 1812 58.87 6238 22.78
286 2022 12 15 44744.40 110.341017 1811 58.84 6238 22.78
287 2022 12 15 44744.00 110.761693 1812 58.87 6238 22.78
288 2022 12 15 44744.40 111.161693 1812 58.87 6238 22.78
289 2022 12 15 44744.80 111.561693 1812 58.87 6238 22.78
290 2022 12 15 44745.40 111.982018 1812 58.87 6239 22.79
291 2022 12 15 44745.80 112.382018 1812 58.87 6238 22.78
292 2022 12 15 44746.40 112.802585 1812 58.87 6238 22.78
293 2022 12 15 44746.80 113.202585 1812 58.87 6239 22.79
294 2022 12 15 44747.40 113.622868 1812 58.87 6239 22.79
295 2022 12 15 44747.80 114.022868 1812 58.87 6238 22.78
296 2022 12 15 44748.40 114.443142 1812 58.87 6239 22.79
297 2022 12 15 44748.80 114.843142 1812 58.87 6239 22.79
298 2022 12 15 44749.00 114.863640 1812 58.87 6239 22.79
299 2022 12 15 44749.00 115.684008 1812 58.87 6239 22.79
300 2022 12 15 44749.40 116.084008 1812 58.87 6238 22.78
301 2022 12 15 44749.80 116.484008 1812 58.87 6238 22.78
302 2022 12 15 44750.40 116.904690 1812 58.87 6239 22.79
303 2022 12 15 44750.80 117.304690 1812 58.87 6238 22.78
304 2022 12 15 44751.40 117.725348 1812 58.87 6238 22.78
305 2022 12 15 44751.80 118.125348 1812 58.87 6238 22.78
306 2022 12 15 44752.40 118.545853 1812 58.87 6237 22.77
307 2022 12 15 44752.80 118.945853 1812 58.87 6238 22.78
308 2022 12 15 44753.40 119.366446 1812 58.87 6237 22.77
309 2022 12 15 44753.80 119.766446 1812 58.87 6238 22.78
310 2022 12 15 44753.40 120.187053 1812 58.87 6238 22.78
311 2022 12 15 44753.80 120.587053 1812 58.87 6238 22.78
312 2022 12 15 44754.00 120.607550 1811 58.84 6237 22.77
313 2022 12 15 44754.40 121.007550 1812 58.87 6238 22.78
314 2022 12 15 44755.00 121.428002 1812 58.87 6239 22.79
315 2022 12 15 44755.40 121.828002 1812 58.87 6238 22.78
316 2022 12 15 44755.80 122.228002 1812 58.87 6238 22.78
317 2022 12 15 44756.40 122.648530 1812 58.87 6237 22.77
318 2022 12 15 44756.80 123.048530 1812 58.87 6236 22.76
319 2022 12 15 44757.40 123.469153 1812 58.87 6238 22.78
320 2022 12 15 44757.80 123.869153 1812 58.87 6237 22.77
321 2022 12 15 44758.40 124.289445 1812 58.87 6239 22.79
322 2022 12 15 44758.80 124.689445 1812 58.87 6238 22.78
323 2022 12 15 44758.40 125.109986 1812 58.87 6237 22.77
324 2022 12 15 44758.80 125.509986 1812 58.87 6238 22.78
325 2022 12 15 44759.40 125.930542 1812 58.87 6237 22.77
326 2022 12 15 44759.80 126.330542 1812 58.87 6238 22.78
327 2022 12 15 44760.00 126.350816 1812 58.87 6237 22.77
328 2022 12 15 44760.40 126.750816 1812 58.87 6237 22.77
329 2022 12 15 44761.00 127.171064 1812 58.87 6238 22.78
330 2022 12 15 44761.40 127.571064 1813 58.90 6237 22.77
331 2022 12 15 44761.80 127.971064 1812 58.87 6237 22.77
332 2022 12 15 44762.40 128.391302 1813 58.90 6238 22.78
333 2022 12 15 44762.80 128.791302 1812 58.87 6238 22.78
334 2022 12 15 44763.40 129.211578 1812 58.87 6236 22.76
335 2022 12 15 44763.80 129.611578 1812 58.87 6238 22.78
336 2022 12 15 44763.40 130.031851 1812 58.87 6238 22.78
337 2022 12 15 44763.80 130.431851 1812 58.87 6238 22.78
338 2022 12 15 44764.40 130.852160 1813 58.90 6236 22.76
339 2022 12 15 44764.80 131.252160 1813 58.90 6237 22.77
340 2022 12 15 44765.40 131.672423 1813 58.90 6237 22.77
341 2022 12 15 44765.80 132.072423 1812 58.87 6238 22.78
342 2022 12 15 44766.00 132.092675 1813 58.90 6237 22.77
343 2022 12 15 44766.40 132.492675 1813 58.90 6236 22.76
344 2022 12 15 44767.00 132.913168 1812 58.87 6236 22.76
345 2022 12 15 44767.40 133.313168 1813 58.90 6236 22.76
346 2022 12 15 44767.80 133.713168 1813 58.90 6237 22.77
347 2022 12 15 44767.40 134.133813 1813 58.90 6236 22.76
348 2022 12 15 44767.80 134.533813 1813 58.90 6236 22.76
349 2022 12 15 44768.40 134.954081 1813 58.90 6236 22.76
350 2022 12 15 44768.80 135.354081 1813 58.90 6236 22.76
351 2022 12 15 44769.40 135.774540 1813 58.90 6237 22.77
352 2022 12 15 44769.80 136.174540 1813 58.90 6237 22.77
353 2022 12 15 44770.40 136.594984 1813 58.90 6237 22.77
354 2022 12 15 44770.80 136.994984 1813 58.90 6236 22.76
355 2022 12 15 44771.40 137.415421 1813 58.90 6237 22.77
356 2022 12 15 44771.80 137.815421 1813 58.90 6236 22.76
357 2022 12 15 44772.00 137.835787 1813 58.90 6237 22.77
358 2022 12 15 44772.40 138.235787 1813 58.90 6236 22.76
359 2022 12 15 44772.00 138.656075 1813 58.90 6236 22.76
360 2022 12 15 44772.40 139.056075 1814 58.93 6236 22.76
361 2022 12 15 44772.80 139.456075 1814 58.93 6236 22.76
362 2022 12 15 44773.40 139.876713 1814 58.93 6236 22.76
363 2022 12 15 44773.80 140.276713 1814 58.93 6236 22.76
364 2022 12 15 44774.40 140.697366 1814 58.93 6236 22.76
365 2022 12 15 44774.80 141.097366 1814 58.93 6236 22.76
366 2022 12 15 44775.40 141.517640 1814 58.93 6236 22.76
367 2022 12 15 44775.80 141.917640 1814 58.93 6236 22.76
368 2022 12 15 44776.40 142.338240 1814 58.93 6236 22.76
369 2022 12 15 44776.80 142.738240 1814 58.93 6236 22.76
370 2022 12 15 44776.00 142.758498 1814 58.93 6236 22.76
371 2022 12 15 44776.40 143.158498 1814 58.93 6236 22.76
372 2022 12 15 44777.00 143.578860 1814 58.93 6236 22.76
373 2022 12 15 44777.40 143.978860 1814 58.93 6236 22.76
374 2022 12 15 44778.00 144.399101 1814 58.93 6236 22.76
375 2022 12 15 44778.40 144.799101 1814 58.93 6237 22.77
376 2022 12 15 44778.80 145.199101 1814 58.93 6237 22.77
377 2022 12 15 44779.40 145.619700 1814 58.93 6236 22.76
378 2022 12 15 44779.80 146.019700 1814 58.93 6237 22.77
379 2022 12 15 44780.40 146.440112 1814 58.93 6236 22.76
380 2022 12 15 44780.80 146.840112 1814 58.93 6236 22.76
381 2022 12 15 44781.40 147.260759 1814 58.93 6237 22.77
382 2022 12 15 44781.80 147.660759 1814 58.93 6236 22.76
383 2022 12 15 44781.40 148.081298 1814 58.93 6236 22.76
384 2022 12 15 44781.80 148.481298 1814 58.93 6236 22.76
385 2022 12 15 44782.00 148.501927 1814 58.93 6237 22.77
386 2022 12 15 44782.40 148.901927 1814 58.93 6237 22.77
387 2022 12 15 44783.00 149.322810 1814 58.93 6236 22.76
388 2022 12 15 44783.40 149.722810 1814 58.93 6237 22.77
389 2022 12 15 44783.80 150.122810 1814 58.93 6237 22.77
390 2022 12 15 44784.40 150.543674 1814 58.93 6236 22.76
391 2022 12 15 44784.80 150.943674 1814 58.93 6236 22.76
392 2022 12 15 44785.40 151.364205 1814 58.93 6236 22.76
393 2022 12 15 44785.80 151.764205 1814 58.93 6236 22.76
394 2022 12 15 44785.40 152.184959 1814 58.93 6236 22.76
395 2022 12 15 44785.80 152.584959 1814 58.93 6236 22.76
396 2022 12 15 44786.40 153.005525 1814 58.93 6236 22.76
397 2022 12 15 44786.80 153.405525 1814 58.93 6236 22.76
398 2022 12 15 44787.40 153.825933 1814 58.93 6237 22.77
399 2022 12 15 44787.80 154.225933 1814 58.93 6236 22.76
400 2022 12 15 44788.00 154.246339 1814 58.93 6236 22.76
401 2022 12 15 44788.40 154.646339 1814 58.93 6236 22.76
402 2022 12 15 44789.00 155.066961 1814 58.93 6237 22.77
403 2022 12 15 44789.40 155.466961 1814 58.93 6236 22.76
404 2022 12 15 44789.80 155.866961 1814 58.93 6237 22.77
405 2022 12 15 44790.40 156.287727 1814 58.93 6236 22.76
406 2022 12 15 44790.80 156.687727 1814 58.93 6237 22.77
407 2022 12 15 44790.40 157.108461 1814 58.93 6236 22.76
408 2022 12 15 44790.80 157.508461 1814 58.93 6237 22.77
409 2022 12 15 44791.40 157.929080 1814 58.93 6236 22.76
410 2022 12 15 44791.80 158.329080 1814 58.93 6236 22.76
411 2022 12 15 44792.40 158.749624 1814 58.93 6236 22.76
412 2022 12 15 44792.80 159.149624 1814 58.93 6236 22.76
413 2022 12 15 44793.40 159.570191 1814 58.93 6237 22.77
414 2022 12 15 44793.80 159.970191 1814 58.93 6236 22.76
415 2022 12 15 44794.00 159.990707 1814 58.93 6236 22.76
416 2022 12 15 44794.40 160.390707 1814 58.93 6235 22.75
417 2022 12 15 44795.00 160.811499 1814 58.93 6236 22.76
418 2022 12 15 44795.40 161.211499 1814 58.93 6236 22.76
419 2022 12 15 44795.80 161.611499 1814 58.93 6236 22.76
420 2022 12 15 44795.40 162.032014 1814 58.93 6236 22.76
421 2022 12 15 44795.80 162.432014 1814 58.93 6236 22.76
422 2022 12 15 44796.40 162.852654 1814 58.93 6238 22.78
423 2022 12 15 44796.80 163.252654 1814 58.93 6237 22.77
424 2022 12 15 44797.40 163.673046 1814 58.93 6235 22.75
425 2022 12 15 44797.80 164.073046 1814 58.93 6237 22.77
426 2022 12 15 44798.40 164.493614 1814 58.93 6236 22.76
427 2022 12 15 44798.80 164.893614 1814 58.93 6236 22.76
428 2022 12 15 44799.00 164.914221 1814 58.93 6236 22.76
429 2022 12 15 44799.40 165.314221 1814 58.93 6236 22.76
430 2022 12 15 44799.00 165.735004 1814 58.93 6235 22.75
431 2022 12 15 44799.40 166.135004 1814 58.93 6236 22.76
432 2022 12 15 44800.00 166.555371 1814 58.93 6236 22.76
433 2022 12 15 44800.40 166.955371 1814 58.93 6236 22.76
434 2022 12 15 44800.80 167.355371 1814 58.93 6237 22.77
435 2022 12 15 44801.40 167.775897 1814 58.93 6236 22.76
436 2022 12 15 44801.80 168.175897 1814 58.93 6236 22.76
437 2022 12 15 44802.40 168.596531 1814 58.93 6236 22.76
438 2022 12 15 44802.80 168.996531 1814 58.93 6236 22.76
439 2022 12 15 44803.40 169.417170 1814 58.93 6237 22.77
440 2022 12 15 44803.80 169.817170 1814 58.93 6236 22.76
441 2022 12 15 44804.40 170.237805 1814 58.93 6237 22.77
442 2022 12 15 44804.80 170.637805 1814 58.93 6237 22.77
443 2022 12 15 44804.00 170.658519 1814 58.93 6236 22.76
444 2022 12 15 44804.40 171.058519 1814 58.93 6236 22.76
445 2022 12 15 44805.00 171.479233 1814 58.93 6237 22.77
446 2022 12 15 44805.40 171.879233 1814 58.93 6237 22.77
447 2022 12 15 44805.80 172.279233 1814 58.93 6237 22.77
448 2022 12 15 44806.40 172.700098 1814 58.93 6236 22.76
449 2022 12 15 44806.80 173.100098 1814 58.93 6237 22.77
450 2022 12 15 44807.40 173.520768 1814 58.93 6237 22.77
451 2022 12 15 44807.80 173.920768 1814 58.93 6237 22.77
452 2022 12 15 44808.40 174.341199 1814 58.93 6237 22.77
453 2022 12 15 44808.80 174.741199 1814 58.93 6236 22.76
454 2022 12 15 44808.40 175.161891 1814 58.93 6236 22.76
455 2022 12 15 44808.80 175.561891 1814 58.93 6236 22.76
456 2022 12 15 44809.40 175.982513 1814 58.93 6236 22.76
457 2022 12 15 44809.80 176.382513 1814 58.93 6236 22.76
458 2022 12 15 44810.00 176.402887 1814 58.93 6237 22.77
459 2022 12 15 44810.40 176.802887 1813 58.90 6237 22.77
460 2022 12 15 44811.00 177.223159 1814 58.93 6238 22.78
461 2022 12 15 44811.40 177.623159 1814 58.93 6237 22.77
462 2022 12 15 44811.80 178.023159 1814 58.93 6236 22.76
463 2022 12 15 44812.40 178.443631 1814 58.93 6238 22.78
464 2022 12 15 44812.80 178.843631 1814 58.93 6237 22.77
465 2022 12 15 44813.40 179.264058 1814 58.93 6237 22.77
466 2022 12 15 44813.80 179.664058 1813 58.90 6237 22.77
467 2022 12 15 44813.40 180.084458 1814 58.93 6236 22.76
468 2022 12 15 44813.80 180.484458 1813 58.90 6237 22.77
469 2022 12 15 44814.40 180.904875 1814 58.93 6236 22.76
470 2022 12 15 44814.80 181.304875 1813 58.90 6237 22.77
471 2022 12 15 44815.40 181.725458 1813 58.90 6237 22.77
472 2022 12 15 44815.80 182.125458 1814 58.93 6237 22.77
473 2022 12 15 44816.00 182.146198 1814 58.93 6238 22.78
474 2022 12 15 44816.40 182.546198 1813 58.90 6237 22.77
475 2022 12 15 44817.00 182.966737 1814 58.93 6236 22.76
476 2022 12 15 44817.40 183.366737 1814 58.93 6237 22.77
477 2022 12 15 44817.80 183.766737 1813 58.90 6236 22.76
478 2022 12 15 44817.40 184.187621 1813 58.90 6237 22.77
479 2022 12 15 44817.80 184.587621 1813 58.90 6237 22.77
480 2022 12 15 44818.40 185.008292 1813 58.90 6238 22.78
481 2022 12 15 44818.80 185.408292 1813 58.90 6236 22.76
482 2022 12 15 44819.40 185.829087 1813 58.90 6236 22.76
483 2022 12 15 44819.80 186.229087 1813 58.90 6237 22.77
484 2022 12 15 44820.40 186.649478 1813 58.90 6236 22.76
485 2022 12 15 44820.80 187.049478 1813 58.90 6236 22.76
486 2022 12 15 44821.40 187.469721 1813 58.90 6236 22.76
487 2022 12 15 44821.80 187.869721 1814 58.93 6237 22.77
488 2022 12 15 44822.00 187.890004 1814 58.93 6236 22.76
489 2022 12 15 44822.40 188.290004 1814 58.93 6236 22.76
490 2022 12 15 44822.00 188.710276 1813 58.90 6236 22.76
491 2022 12 15 44822.40 189.110276 1813 58.90 6236 22.76
492 2022 12 15 44822.80 189.510276 1813 58.90 6236 22.76
493 2022 12 15 44823.40 189.930582 1813 58.90 6235 22.75
494 2022 12 15 44823.80 190.330582 1814 58.93 6237 22.77
495 2022 12 15 44824.40 190.750838 1813 58.90 6238 22.78
496 2022 12 15 44824.80 191.150838 1814 58.93 6236 22.76
497 2022 12 15 44825.40 191.571506 1813 58.90 6237 22.77
498 2022 12 15 44825.80 191.971506 1814 58.93 6238 22.78
499 2022 12 15 44826.40 192.392026 1814 58.93 6236 22.76
500 2022 12 15 44826.80 192.792026 1814 58.93 6237 22.77
501 2022 12 15 44827.40 193.212413 1814 58.93 6237 22.77
502 2022 12 15 44827.80 193.612413 1813 58.90 6236 22.76
503 2022 12 15 44827.00 193.632945 1814 58.93 6236 22.76
504 2022 12 15 44827.40 194.032945 1814 58.93 6238 22.78
505 2022 12 15 44828.00 194.453526 1814 58.93 6236 22.76
506 2022 12 15 44828.40 194.853526 1814 58.93 6237 22.77
507 2022 12 15 44828.80 195.253526 1814 58.93 6236 22.76
508 2022 12 15 44829.40 195.673825 1814 58.93 6236 22.76
509 2022 12 15 44829.80 196.073825 1814 58.93 6235 22.75
510 2022 12 15 44830.40 196.494325 1814 58.93 6236 22.76
511 2022 12 15 44830.80 196.894325 1814 58.93 6236 22.76
512 2022 12 15 44831.40 197.314884 1814 58.93 6236 22.76
513 2022 12 15 44831.80 197.714884 1814 58.93 6236 22.76
514 2022 12 15 44831.40 198.135409 1814 58.93 6237 22.77
515 2022 12 15 44831.80 198.535409 1814 58.93 6236 22.76
516 2022 12 15 44832.00 198.555763 1815 58.96 6236 22.76
517 2022 12 15 44832.40 198.955763 1815 58.96 6237 22.77
518 2022 12 15 44833.00 199.376310 1815 58.96 6236 22.76
519 2022 12 15 44833.40 199.776310 1815 58.96 6236 22.76
520 2022 12 15 44833.80 200.176310 1815 58.96 6236 22.76
521 2022 12 15 44834.40 200.596832 1815 58.96 6236 22.76
522 2022 12 15 44834.80 200.996832 1815 58.96 6235 22.75
523 2022 12 15 44835.40 201.417300 1815 58.96 6236 22.76
524 2022 12 15 44835.80 201.817300 1815 58.96 6235 22.75
525 2022 12 15 44836.40 202.237795 1815 58.96 6236 22.76
526 2022 12 15 44836.80 202.637795 1815 58.96 6235 22.75
527 2022 12 15 44836.40 203.058373 1815 58.96 6235 22.75
528 2022 12 15 44836.80 203.458373 1815 58.96 6236 22.76
529 2022 12 15 44837.40 203.879020 1816 58.99 6236 22.76
530 2022 12 15 44837.80 204.279020 1815 58.96 6236 22.76
531 2022 12 15 44838.00 204.299455 1815 58.96 6235 22.75
532 2022 12 15 44838.40 204.699455 1816 58.99 6235 22.75
533 2022 12 15 44839.00 205.120007 1816 58.99 6236 22.76
534 2022 12 15 44839.40 205.520007 1816 58.99 6236 22.76
535 2022 12 15 44839.80 205.920007 1816 58.99 6236 22.76
536 2022 12 15 44840.40 206.340629 1816 58.99 6237 22.77
537 2022 12 15 44840.80 206.740629 1816 58.99 6237 22.77
538 2022 12 15 44840.40 207.161214 1816 58.99 6237 22.77
539 2022 12 15 44840.80 207.561214 1816 58.99 6237 22.77
540 2022 12 15 44841.40 207.981716 1816 58.99 6237 22.77
541 2022 12 15 44841.80 208.381716 1816 58.99 6237 22.77
542 2022 12 15 44842.40 208.802497 1816 58.99 6236 22.76
543 2022 12 15 44842.80 209.202497 1816 58.99 6237 22.77
544 2022 12 15 44843.40 209.623355 1816 58.99 6237 22.77
545 2022 12 15 44843.80 210.023355 1815 58.96 6237 22.77
546 2022 12 15 44844.00 210.043964 1816 58.99 6238 22.78
547 2022 12 15 44844.40 210.443964 1816 58.99 6238 22.78
548 2022 12 15 44845.00 210.864568 1816 58.99 6237 22.77
549 2022 12 15 44845.40 211.264568 1816 58.99 6238 22.78
550 2022 12 15 44845.80 211.664568 1816 58.99 6237 22.77
551 2022 12 15 44845.40 212.085472 1816 58.99 6236 22.76
552 2022 12 15 44845.80 212.485472 1816 58.99 6236 22.76
553 2022 12 15 44846.40 212.906195 1816 58.99 6237 22.77
554 2022 12 15 44846.80 213.306195 1816 58.99 6237 22.77
555 2022 12 15 44847.40 213.726759 1816 58.99 6236 22.76
556 2022 12 15 44847.80 214.126759 1816 58.99 6237 22.77
557 2022 12 15 44848.40 214.547542 1816 58.99 6237 22.77
558 2022 12 15 44848.80 214.947542 1816 58.99 6236 22.76
559 2022 12 15 44849.40 215.368445 1816 58.99 6236 22.76
560 2022 12 15 44849.80 215.768445 1816 58.99 6237 22.77
561 2022 12 15 44849.00 215.789086 1816 58.99 6237 22.77
562 2022 12 15 44849.40 216.189086 1816 58.99 6236 22.76
563 2022 12 15 44850.00 216.609825 1816 58.99 6237 22.77
564 2022 12 15 44850.40 217.009825 1815 58.96 6236 22.76
565 2022 12 15 44850.80 217.409825 1816 58.99 6237 22.77
566 2022 12 15 44851.40 217.830873 1816 58.99 6237 22.77
567 2022 12 15 44851.80 218.230873 1816 58.99 6237 22.77
568 2022 12 15 44852.40 218.651430 1816 58.99 6237 22.77
569 2022 12 15 44852.80 219.051430 1816 58.99 6237 22.77
570 2022 12 15 44853.40 219.472021 1816 58.99 6238 22.78
571 2022 12 15 44853.80 219.872021 1816 58.99 6238 22.78
572 2022 12 15 44854.40 220.292662 1816 58.99 6238 22.78
573 2022 12 15 44854.80 220.692662 1816 58.99 6237 22.77
574 2022 12 15 44854.40 221.113592 1816 58.99 6238 22.78
575 2022 12 15 44854.80 221.513592 1816 58.99 6238 22.78
576 2022 12 15 44855.00 221.534330 1816 58.99 6237 22.77
577 2022 12 15 44855.40 221.934330 1816 58.99 6238 22.78
578 2022 12 15 44855.80 222.334330 1816 58.99 6237 22.77
579 2022 12 15 44856.40 222.755078 1816 58.99 6238 22.78
580 2022 12 15 44856.80 223.155078 1816 58.99 6237 22.77
581 2022 12 15 44857.40 223.575655 1816 58.99 6238 22.78
582 2022 12 15 44857.80 223.975655 1816 58.99 6237 22.77
583 2022 12 15 44858.40 224.396376 1816 58.99 6237 22.77
584 2022 12 15 44858.80 224.796376 1816 58.99 6237 22.77
585 2022 12 15 44859.40 225.217098 1816 58.99 6238 22.78
586 2022 12 15 44859.80 225.617098 1816 58.99 6238 22.78
587 2022 12 15 44859.40 226.037933 1816 58.99 6238 22.78
588 2022 12 15 44859.80 226.437933 1816 58.99 6237 22.77
589 2022 12 15 44860.00 226.458523 1816 58.99 6236 22.76
590 2022 12 15 44860.40 226.858523 1816 58.99 6237 22.77
591 2022 12 15 44861.00 227.279336 1816 58.99 6237 22.77
592 2022 12 15 44861.40 227.679336 1816 58.99 6237 22.77
593 2022 12 15 44861.80 228.079336 1816 58.99 6237 22.77
594 2022 12 15 44862.40 228.500220 1816 58.99 6237 22.77
595 2022 12 15 44862.80 228.900220 1816 58.99 6238 22.78
596 2022 12 15 44863.40 229.320706 1816 58.99 6238 22.78
597 2022 12 15 44863.80 229.720706 1816 58.99 6236 22.76
598 2022 12 15 44863.40 230.141403 1816 58.99 6238 22.78
599 2022 12 15 44863.80 230.541403 1816 58.99 6237 22.77
600 2022 12 15 44864.40 230.962229 1816 58.99 6238 22.78
601 2022 12 15 44864.80 231.362229 1816 58.99 6237 22.77
602 2022 12 15 44865.40 231.783024 1816 58.99 6238 22.78
603 2022 12 15 44865.80 232.183024 1816 58.99 6238 22.78
604 2022 12 15 44866.00 232.203692 1816 58.99 6238 22.78
605 2022 12 15 44866.40 232.603692 1816 58.99 6237 22.77
606 2022 12 15 44867.00 233.024461 1816 58.99 6236 22.76
607 2022 12 15 44867.40 233.424461 1816 58.99 6237 22.77
608 2022 12 15 44867.80 233.824461 1816 58.99 6238 22.78
609 2022 12 15 44868.40 234.245109 1816 58.99 6237 22.77
610 2022 12 15 44868.80 234.645109 1816 58.99 6237 22.77
611 2022 12 15 44868.40 235.065955 1816 58.99 6236 22.76
612 2022 12 15 44868.80 235.465955 1816 58.99 6237 22.77
613 2022 12 15 44869.40 235.886725 1816 58.99 6236 22.76
614 2022 12 15 44869.80 236.286725 1816 58.99 6237 22.77
615 2022 12 15 44870.40 236.707551 1816 58.99 6237 22.77
616 2022 12 15 44870.80 237.107551 1816 58.99 6237 22.77
617 2022 12 15 44871.40 237.528290 1816 58.99 6237 22.77
618 2022 12 15 44871.80 237.928290 1816 58.99 6237 22.77
619 2022 12 15 44872.00 237.949030 1816 58.99 6237 22.77
620 2022 12 15 44872.40 238.349030 1816 58.99 6236 22.76
621 2022 12 15 44872.00 238.769805 1816 58.99 6238 22.78
622 2022 12 15 44872.40 239.169805 1816 58.99 6238 22.78
623 2022 12 15 44872.80 239.569805 1816 58.99 6237 22.77
624 2022 12 15 44873.40 239.990379 1816 58.99 6237 22.77
625 2022 12 15 44873.80 240.390379 1816 58.99 6236 22.76
626 2022 12 15 44874.40 240.810806 1816 58.99 6237 22.77
627 2022 12 15 44874.80 241.210806 1816 58.99 6238 22.78
628 2022 12 15 44875.40 241.631601 1816 58.99 6237 22.77
629 2022 12 15 44875.80 242.031601 1816 58.99 6237 22.77
630 2022 12 15 44876.40 242.452387 1816 58.99 6237 22.77
631 2022 12 15 44876.80 242.852387 1816 58.99 6237 22.77
632 2022 12 15 44877.40 243.273030 1816 58.99 6236 22.76
633 2022 12 15 44877.80 243.673030 1816 58.99 6236 22.76
634 2022 12 15 44877.00 243.693743 1816 58.99 6236 22.76
635 2022 12 15 44877.40 244.093743 1816 58.99 6237 22.77
636 2022 12 15 44878.00 244.514567 1816 58.99 6237 22.77
637 2022 12 15 44878.40 244.914567 1816 58.99 6235 22.75
638 2022 12 15 44878.80 245.314567 1816 58.99 6236 22.76
639 2022 12 15 44879.40 245.735180 1816 58.99 6236 22.76
640 2022 12 15 44879.80 246.135180 1816 58.99 6236 22.76
641 2022 12 15 44880.40 246.555659 1816 58.99 6236 22.76
642 2022 12 15 44880.80 246.955659 1816 58.99 6235 22.75
643 2022 12 15 44881.40 247.376064 1816 58.99 6236 22.76
644 2022 12 15 44881.80 247.776064 1816 58.99 6235 22.75
645 2022 12 15 44881.40 248.196547 1816 58.99 6236 22.76
646 2022 12 15 44881.80 248.596547 1816 58.99 6236 22.76
647 2022 12 15 44882.00 248.617070 1816 58.99 6236 22.76
648 2022 12 15 44882.40 249.017070 1816 58.99 6236 22.76
649 2022 12 15 44883.00 249.437599 1816 58.99 6236 22.76
650 2022 12 15 44883.40 249.837599 1816 58.99 6236 22.76
651 2022 12 15 44883.80 250.237599 1816 58.99 6235 22.75
652 2022 12 15 44884.40 250.658242 1816 58.99 6236 22.76
653 2022 12 15 44884.80 251.058242 1816 58.99 6236 22.76
654 2022 12 15 44885.40 251.478791 1816 58.99 6235 22.75
655 2022 12 15 44885.80 251.878791 1816 58.99 6236 22.76
656 2022 12 15 44886.40 252.299062 1816 58.99 6236 22.76
657 2022 12 15 44886.80 252.699062 1815 58.96 6235 22.75
658 2022 12 15 44886.40 253.119337 1816 58.99 6236 22.76
659 2022 12 15 44886.80 253.519337 1815 58.96 6236 22.76
660 2022 12 15 44887.40 253.939624 1816 58.99 6236 22.76
661 2022 12 15 44887.80 254.339624 1815 58.96 6236 22.76
662 2022 12 15 44888.00 254.359916 1815 58.96 6236 22.76
663 2022 12 15 44888.40 254.759916 1815 58.96 6235 22.75
664 2022 12 15 44889.00 255.180382 1815 58.96 6236 22.76
665 2022 12 15 44889.40 255.580382 1815 58.96 6235 22.75
666 2022 12 15 44889.80 255.980382 1815 58.96 6238 22.78
667 2022 12 15 44890.40 256.400823 1815 58.96 6237 22.77
668 2022 12 15 44890.80 256.800823 1815 58.96 6237 22.77
669 2022 12 15 44891.40 257.221096 1815 58.96 6237 22.77
670 2022 12 15 44891.80 257.621096 1815 58.96 6238 22.78
671 2022 12 15 44891.40 258.041709 1815 58.96 6238 22.78
672 2022 12 15 44891.80 258.441709 1814 58.93 6238 22.78
673 2022 12 15 44892.40 258.862226 1814 58.93 6237 22.77
674 2022 12 15 44892.80 259.262226 1815 58.96 6237 22.77
675 2022 12 15 44893.40 259.682729 1814 58.93 6238 22.78
676 2022 12 15 44893.80 260.082729 1814 58.93 6238 22.78
677 2022 12 15 44894.00 260.103232 1814 58.93 6238 22.78
678 2022 12 15 44894.40 260.503232 1814 58.93 6238 22.78
679 2022 12 15 44895.00 260.923512 1814 58.93 6237 22.77
680 2022 12 15 44895.40 261.323512 1814 58.93 6238 22.78
681 2022 12 15 44895.80 261.723512 1814 58.93 6238 22.78
682 2022 12 15 44895.40 262.144101 1814 58.93 6238 22.78
683 2022 12 15 44895.80 262.544101 1814 58.93 6237 22.77
684 2022 12 15 44896.40 262.964624 1814 58.93 6237 22.77
685 2022 12 15 44896.80 263.364624 1814 58.93 6238 22.78
686 2022 12 15 44897.40 263.784873 1814 58.93 6238 22.78
687 2022 12 15 44897.80 264.184873 1814 58.93 6238 22.78
688 2022 12 15 44898.40 264.605099 1814 58.93 6237 22.77
689 2022 12 15 44898.80 265.005099 1813 58.90 6238 22.78
690 2022 12 15 44899.40 265.425503 1814 58.93 6238 22.78
691 2022 12 15 44899.80 265.825503 1814 58.93 6238 22.78
692 2022 12 15 44900.00 265.845822 1813 58.90 6238 22.78
693 2022 12 15 44900.40 266.245822 1814 58.93 6237 22.77
694 2022 12 15 44900.00 266.666084 1814 58.93 6237 22.77
695 2022 12 15 44900.40 267.066084 1814 58.93 6238 22.78
696 2022 12 15 44900.80 267.466084 1813 58.90 6238 22.78
697 2022 12 15 44901.40 267.886693 1813 58.90 6236 22.76
698 2022 12 15 44901.80 268.286693 1814 58.93 6238 22.78
699 2022 12 15 44902.40 268.707307 1813 58.90 6238 22.78
700 2022 12 15 44902.80 269.107307 1814 58.93 6238 22.78
701 2022 12 15 44903.40 269.527955 1813 58.90 6238 22.78
702 2022 12 15 44903.80 269.927955 1814 58.93 6238 22.78
703 2022 12 15 44904.40 270.348369 1814 58.93 6238 22.78
704 2022 12 15 44904.80 270.748369 1814 58.93 6238 22.78
705 2022 12 15 44904.40 271.168942 1813 58.90 6238 22.78
706 2022 12 15 44904.80 271.568942 1813 58.90 6238 22.78
707 2022 12 15 44905.00 271.589180 1813 58.90 6238 22.78
708 2022 12 15 44905.40 271.989180 1814 58.93 6238 22.78
709 2022 12 15 44906.00 272.409634 1813 58.90 6239 22.79
710 2022 12 15 44906.40 272.809634 1813 58.90 6239 22.79
711 2022 12 15 44906.80 273.209634 1813 58.90 6238 22.78
712 2022 12 15 44907.40 273.629914 1813 58.90 6238 22.78
713 2022 12 15 44907.80 274.029914 1813 58.90 6238 22.78
714 2022 12 15 44908.40 274.450386 1814 58.93 6240 22.80
715 2022 12 15 44908.80 274.850386 1813 58.90 6239 22.79
716 2022 12 15 44909.40 275.270741 1813 58.90 6239 22.79
717 2022 12 15 44909.80 275.670741 1813 58.90 6239 22.79
718 2022 12 15 44909.40 276.091509 1813 58.90 6239 22.79
719 2022 12 15 44909.80 276.491509 1813 58.90 6240 22.80
720 2022 12 15 44910.00 276.512054 1813 58.90 6238 22.78
721 2022 12 15 44910.40 276.912054 1813 58.90 6239 22.79
722 2022 12 15 44911.00 277.332896 1813 58.90 6238 22.78
723 2022 12 15 44911.40 277.732896 1813 58.90 6238 22.78
724 2022 12 15 44912.00 278.153700 1813 58.90 6238 22.78
725 2022 12 15 44912.40 278.553700 1813 58.90 6238 22.78
726 2022 12 15 44912.80 278.953700 1813 58.90 6238 22.78
727 2022 12 15 44913.40 279.374493 1813 58.90 6239 22.79
728 2022 12 15 44913.80 279.774493 1813 58.90 6238 22.78
729 2022 12 15 44913.40 280.195154 1813 58.90 6239 22.79
730 2022 12 15 44913.80 280.595154 1813 58.90 6239 22.79
731 2022 12 15 44914.40 281.015900 1813 58.90 6239 22.79
732 2022 12 15 44914.80 281.415900 1813 58.90 6238 22.78
733 2022 12 15 44915.40 281.836383 1813 58.90 6239 22.79
734 2022 12 15 44915.80 282.236383 1812 58.87 6238 22.78
735 2022 12 15 44916.00 282.257009 1813 58.90 6239 22.79
736 2022 12 15 44916.40 282.657009 1813 58.90 6239 22.79
737 2022 12 15 44917.00 283.077638 1813 58.90 6238 22.78
738 2022 12 15 44917.40 283.477638 1813 58.90 6238 22.78
739 2022 12 15 44917.80 283.877638 1812 58.87 6240 22.80
740 2022 12 15 44918.40 284.298110 1812 58.87 6238 22.78
741 2022 12 15 44918.80 284.698110 1813 58.90 6239 22.79
742 2022 12 15 44918.40 285.118553 1813 58.90 6239 22.79
743 2022 12 15 44918.80 285.518553 1813 58.90 6240 22.80
744 2022 12 15 44919.40 285.939167 1813 58.90 6239 22.79
745 2022 12 15 44919.80 286.339167 1812 58.87 6239 22.79
746 2022 12 15 44920.40 286.759796 1812 58.87 6239 22.79
747 2022 12 15 44920.80 287.159796 1812 58.87 6240 22.80
748 2022 12 15 44921.40 287.580249 1812 58.87 6239 22.79
749 2022 12 15 44921.80 287.980249 1812 58.87 6240 22.80
750 2022 12 15 44922.00 288.000834 1812 58.87 6240 22.80
751 2022 12 15 44922.40 288.400834 1812 58.87 6239 22.79
752 2022 12 15 44923.00 288.821241 1812 58.87 6239 22.79
753 2022 12 15 44923.40 289.221241 1813 58.90 6240 22.80
754 2022 12 15 44923.80 289.621241 1812 58.87 6238 22.78
755 2022 12 15 44923.40 290.041490 1812 58.87 6240 22.80
756 2022 12 15 44923.80 290.441490 1812 58.87 6240 22.80
757 2022 12 15 44924.40 290.862023 1812 58.87 6240 22.80
758 2022 12 15 44924.80 291.262023 1812 58.87 6239 22.79
759 2022 12 15 44925.40 291.682628 1812 58.87 6240 22.80
760 2022 12 15 44925.80 292.082628 1812 58.87 6240 22.80
761 2022 12 15 44926.40 292.502877 1812 58.87 6239 22.79
762 2022 12 15 44926.80 292.902877 1812 58.87 6240 22.80
763 2022 12 15 44927.40 293.323316 1812 58.87 6239 22.79
764 2022 12 15 44927.80 293.723316 1812 58.87 6240 22.80
765 2022 12 15 44927.00 293.743888 1812 58.87 6240 22.80
766 2022 12 15 44927.40 294.143888 1812 58.87 6239 22.79
767 2022 12 15 44928.00 294.564189 1812 58.87 6238 22.78
768 2022 12 15 44928.40 294.964189 1812 58.87 6238 22.78
769 2022 12 15 44928.80 295.364189 1812 58.87 6240 22.80
770 2022 12 15 44929.40 295.784877 1812 58.87 6240 22.80
771 2022 12 15 44929.80 296.184877 1812 58.87 6240 22.80
772 2022 12 15 44930.40 296.605374 1812 58.87 6239 22.79
773 2022 12 15 44930.80 297.005374 1812 58.87 6240 22.80
774 2022 12 15 44931.40 297.425894 1812 58.87 6240 22.80
775 2022 12 15 44931.80 297.825894 1812 58.87 6240 22.80
776 2022 12 15 44932.40 298.246381 1812 58.87 6240 22.80
777 2022 12 15 44932.80 298.646381 1811 58.84 6240 22.80
778 2022 12 15 44932.40 299.066848 1812 58.87 6240 22.80
779 2022 12 15 44932.80 299.466848 1812 58.87 6239 22.79
780 2022 12 15 44933.00 299.487412 1812 58.87 6240 22.80
781 2022 12 15 44933.40 299.887412 1812 58.87 6240 22.80
782 2022 12 15 44934.00 300.308052 1812 58.87 6239 22.79
783 2022 12 15 44934.40 300.708052 1812 58.87 6240 22.80
784 2022 12 15 44934.80 301.108052 1812 58.87 6240 22.80
785 2022 12 15 44935.40 301.528636 1812 58.87 6240 22.80
786 2022 12 15 44935.80 301.928636 1812 58.87 6239 22.79
787 2022 12 15 44936.40 302.349161 1812 58.87 6240 22.80
788 2022 12 15 44936.80 302.749161 1812 58.87 6240 22.80
789 2022 12 15 44936.40 303.169433 1812 58.87 6239 22.79
790 2022 12 15 44936.80 303.569433 1812 58.87 6239 22.79
791 2022 12 15 44937.40 303.990065 1812 58.87 6239 22.79
792 2022 12 15 44937.80 304.390065 1812 58.87 6239 22.79
793 2022 12 15 44938.40 304.810466 1812 58.87 6240 22.80
794 2022 12 15 44938.80 305.210466 1812 58.87 6239 22.79
795 2022 12 15 44939.00 305.230745 1812 58.87 6239 22.79
796 2022 12 15 44939.40 305.630745 1812 58.87 6238 22.78
797 2022 12 15 44939.80 306.030745 1812 58.87 6239 22.79
798 2022 12 15 44940.40 306.451075 1812 58.87 6238 22.78
799 2022 12 15 44940.80 306.851075 1812 58.87 6239 22.79
800 2022 12 15 44941.40 307.271313 1812 58.87 6238 22.78
801 2022 12 15 44941.80 307.671313 1812 58.87 6238 22.78
802 2022 12 15 44941.40 308.091561 1812 58.87 6237 22.77
803 2022 12 15 44941.80 308.491561 1812 58.87 6238 22.78
804 2022 12 15 44942.40 308.911832 1813 58.90 6237 22.77
805 2022 12 15 44942.80 309.311832 1812 58.87 6237 22.77
806 2022 12 15 44943.40 309.732104 1812 58.87 6238 22.78
807 2022 12 15 44943.80 310.132104 1812 58.87 6237 22.77
808 2022 12 15 44944.00 310.152387 1812 58.87 6238 22.78
809 2022 12 15 44944.40 310.552387 1812 58.87 6237 22.77
810 2022 12 15 44945.00 310.972660 1812 58.87 6238 22.78
811 2022 12 15 44945.40 311.372660 1812 58.87 6238 22.78
812 2022 12 15 44945.80 311.772660 1812 58.87 6237 22.77
813 2022 12 15 44945.40 312.193147 1814 58.93 6237 22.77
814 2022 12 15 44945.80 312.593147 1813 58.90 6237 22.77
815 2022 12 15 44946.40 313.013837 1813 58.90 6237 22.77
816 2022 12 15 44946.80 313.413837 1812 58.87 6237 22.77
817 2022 12 15 44947.40 313.834105 1813 58.90 6237 22.77
818 2022 12 15 44947.80 314.234105 1813 58.90 6238 22.78
819 2022 12 15 44948.40 314.654613 1813 58.90 6237 22.77
820 2022 12 15 44948.80 315.054613 1813 58.90 6238 22.78
821 2022 12 15 44949.40 315.475123 1813 58.90 6237 22.77
822 2022 12 15 44949.80 315.875123 1813 58.90 6236 22.76
823 2022 12 15 44950.00 315.895674 1813 58.90 6237 22.77
824 2022 12 15 44950.40 316.295674 1813 58.90 6238 22.78
825 2022 12 15 44950.00 316.716040 1813 58.90 6236 22.76
826 2022 12 15 44950.40 317.116040 1814 58.93 6237 22.77
827 2022 12 15 44950.80 317.516040 1813 58.90 6237 22.77
828 2022 12 15 44951.40 317.936322 1813 58.90 6236 22.76
829 2022 12 15 44951.80 318.336322 1813 58.90 6237 22.77
830 2022 12 15 44952.40 318.756916 1813 58.90 6238 22.78
831 2022 12 15 44952.80 319.156916 1813 58.90 6238 22.78
832 2022 12 15 44953.40 319.577272 1813 58.90 6238 22.78
833 2022 12 15 44953.80 319.977272 1813 58.90 6238 22.78
834 2022 12 15 44954.40 320.397545 1813 58.90 6238 22.78
835 2022 12 15 44954.80 320.797545 1814 58.93 6237 22.77
836 2022 12 15 44955.40 321.218152 1813 58.90 6237 22.77
837 2022 12 15 44955.80 321.618152 1814 58.93 6238 22.78
838 2022 12 15 44955.00 321.638687 1814 58.93 6236 22.76
839 2022 12 15 44955.40 322.038687 1814 58.93 6236 22.76
840 2022 12 15 44956.00 322.458904 1814 58.93 6237 22.77
841 2022 12 15 44956.40 322.858904 1814 58.93 6237 22.77
842 2022 12 15 44956.80 323.258904 1814 58.93 6237 22.77
843 2022 12 15 44957.40 323.679470 1814 58.93 6236 22.76
844 2022 12 15 44957.80 324.079470 1814 58.93 6237 22.77
845 2022 12 15 44958.40 324.500029 1814 58.93 6238 22.78
846 2022 12 15 44958.80 324.900029 1814 58.93 6237 22.77
847 2022 12 15 44959.40 325.320214 1814 58.93 6237 22.77
848 2022 12 15 44959.80 325.720214 1814 58.93 6237 22.77
849 2022 12 15 44959.40 326.140686 1814 58.93 6236 22.76
850 2022 12 15 44959.80 326.540686 1814 58.93 6237 22.77
851 2022 12 15 44960.40 326.960913 1815 58.96 6236 22.76
852 2022 12 15 44960.80 327.360913 1814 58.93 6237 22.77
853 2022 12 15 44961.00 327.381139 1814 58.93 6236 22.76
854 2022 12 15 44961.40 327.781139 1814 58.93 6236 22.76
855 2022 12 15 44962.00 328.201389 1814 58.93 6236 22.76
856 2022 12 15 44962.40 328.601389 1814 58.93 6236 22.76
857 2022 12 15 44962.80 329.001389 1814 58.93 6236 22.76
858 2022 12 15 44963.40 329.421695 1814 58.93 6236 22.76
859 2022 12 15 44963.80 329.821695 1814 58.93 6235 22.75
860 2022 12 15 44964.40 330.241964 1814 58.93 6236 22.76
861 2022 12 15 44964.80 330.641964 1815 58.96 6235 22.75
862 2022 12 15 44964.40 331.062251 1815 58.96 6235 22.75
863 2022 12 15 44964.80 331.462251 1814 58.93 6236 22.76
864 2022 12 15 44965.40 331.882768 1814 58.93 6236 22.76
865 2022 12 15 44965.80 332.282768 1815 58.96 6236 22.76
866 2022 12 15 44966.00 332.303298 1814 58.93 6235 22.75
867 2022 12 15 44966.40 332.703298 1814 58.93 6236 22.76
868 2022 12 15 44967.00 333.123937 1814 58.93 6236 22.76
869 2022 12 15 44967.40 333.523937 1814 58.93 6236 22.76
870 2022 12 15 44968.00 333.944413 1815 58.96 6236 22.76
871 2022 12 15 44968.40 334.344413 1814 58.93 6236 22.76
872 2022 12 15 44968.80 334.744413 1815 58.96 6236 22.76
873 2022 12 15 44968.40 335.165012 1815 58.96 6237 22.77
874 2022 12 15 44968.80 335.565012 1815 58.96 6236 22.76
875 2022 12 15 44969.40 335.985476 1815 58.96 6236 22.76
876 2022 12 15 44969.80 336.385476 1815 58.96 6237 22.77
877 2022 12 15 44970.40 336.805682 1815 58.96 6236 22.76
878 2022 12 15 44970.80 337.205682 1814 58.93 6236 22.76
879 2022 12 15 44971.40 337.626111 1815 58.96 6237 22.77
880 2022 12 15 44971.80 338.026111 1814 58.93 6236 22.76
881 2022 12 15 44972.00 338.046619 1815 58.96 6235 22.75
882 2022 12 15 44972.40 338.446619 1815 58.96 6237 22.77
883 2022 12 15 44973.00 338.867190 1815 58.96 6236 22.76
884 2022 12 15 44973.40 339.267190 1815 58.96 6235 22.75
885 2022 12 15 44973.80 339.667190 1815 58.96 6235 22.75
886 2022 12 15 44973.40 340.087511 1815 58.96 6235 22.75
887 2022 12 15 44973.80 340.487511 1815 58.96 6236 22.76
888 2022 12 15 44974.40 340.907985 1815 58.96 6235 22.75
889 2022 12 15 44974.80 341.307985 1816 58.99 6237 22.77
890 2022 12 15 44975.40 341.728611 1815 58.96 6236 22.76
891 2022 12 15 44975.80 342.128611 1815 58.96 6236 22.76
892 2022 12 15 44976.40 342.549196 1815 58.96 6236 22.76
893 2022 12 15 44976.80 342.949196 1815 58.96 6236 22.76
894 2022 12 15 44977.40 343.369659 1815 58.96 6235 22.75
895 2022 12 15 44977.80 343.769659 1815 58.96 6236 22.76
896 2022 12 15 44977.00 343.789943 1815 58.96 6236 22.76
897 2022 12 15 44977.40 344.189943 1815 58.96 6237 22.77
898 2022 12 15 44978.00 344.610438 1815 58.96 6236 22.76
899 2022 12 15 44978.40 345.010438 1815 58.96 6236 22.76
900 2022 12 15 44978.80 345.410438 1815 58.96 6236 22.76
901 2022 12 15 44979.40 345.831112 1815 58.96 6237 22.77
902 2022 12 15 44979.80 346.231112 1815 58.96 6237 22.77
903 2022 12 15 44980.40 346.651622 1816 58.99 6236 22.76
904 2022 12 15 44980.80 347.051622 1815 58.96 6237 22.77
905 2022 12 15 44981.40 347.472150 1815 58.96 6236 22.76
906 2022 12 15 44981.80 347.872150 1815 58.96 6235 22.75
907 2022 12 15 44982.40 348.292668 1815 58.96 6236 22.76
908 2022 12 15 44982.80 348.692668 1815 58.96 6236 22.76
909 2022 12 15 44982.40 349.113104 1815 58.96 6236 22.76
910 2022 12 15 44982.80 349.513104 1815 58.96 6236 22.76
911 2022 12 15 44983.00 349.533650 1815 58.96 6236 22.76
912 2022 12 15 44983.40 349.933650 1816 58.99 6236 22.76
913 2022 12 15 44984.00 350.353885 1815 58.96 6236 22.76
914 2022 12 15 44984.40 350.753885 1816 58.99 6236 22.76
915 2022 12 15 44984.80 351.153885 1815 58.96 6236 22.76
916 2022 12 15 44985.40 351.574408 1816 58.99 6236 22.76
917 2022 12 15 44985.80 351.974408 1816 58.99 6236 22.76
918 2022 12 15 44986.40 352.394853 1815 58.96 6236 22.76
919 2022 12 15 44986.80 352.794853 1815 58.96 6237 22.77
920 2022 12 15 44987.40 353.215142 1815 58.96 6236 22.76
921 2022 12 15 44987.80 353.615142 1815 58.96 6236 22.76
922 2022 12 15 44987.40 354.035639 1815 58.96 6237 22.77
923 2022 12 15 44987.80 354.435639 1815 58.96 6236 22.76
924 2022 12 15 44988.40 354.855901 1815 58.96 6237 22.77
925 2022 12 15 44988.80 355.255901 1815 58.96 6236 22.76
926 2022 12 15 44989.00 355.276465 1815 58.96 6236 22.76
927 2022 12 15 44989.40 355.676465 1815 58.96 6236 22.76
928 2022 12 15 44990.00 356.097076 1815 58.96 6235 22.75
929 2022 12 15 44990.40 356.497076 1815 58.96 6236 22.76
930 2022 12 15 44990.80 356.897076 1815 58.96 6237 22.77
931 2022 12 15 44991.40 357.317496 1815 58.96 6237 22.77
932 2022 12 15 44991.80 357.717496 1815 58.96 6236 22.76
933 2022 12 15 44991.40 358.138001 1815 58.96 6236 22.76
934 2022 12 15 44991.80 358.538001 1815 58.96 6237 22.77
935 2022 12 15 44992.40 358.958386 1815 58.96 6236 22.76
936 2022 12 15 44992.80 359.358386 1815 58.96 6237 22.77
937 2022 12 15 44993.40 359.779003 1815 58.96 6236 22.76
938 2022 12 15 44993.80 360.179003 1815 58.96 6235 22.75
939 2022 12 15 44994.40 360.599193 1815 58.96 6237 22.77
940 2022 12 15 44994.80 360.999193 1815 58.96 6236 22.76
941 2022 12 15 44995.00 361.019722 1815 58.96 6236 22.76
942 2022 12 15 44995.40 361.419722 1815 58.96 6236 22.76
943 2022 12 15 44995.80 361.819722 1815 58.96 6237 22.77
944 2022 12 15 44996.40 362.240340 1815 58.96 6238 22.78
945 2022 12 15 44996.80 362.640340 1815 58.96 6237 22.77
946 2022 12 15 44996.40 363.060607 1814 58.93 6236 22.76
947 2022 12 15 44996.80 363.460607 1815 58.96 6236 22.76
948 2022 12 15 44997.40 363.881069 1815 58.96 6236 22.76
949 2022 12 15 44997.80 364.281069 1814 58.93 6236 22.76
950 2022 12 15 44998.40 364.701615 1815 58.96 6237 22.77
951 2022 12 15 44998.80 365.101615 1815 58.96 6237 22.77
952 2022 12 15 44999.40 365.522230 1815 58.96 6236 22.76
953 2022 12 15 44999.80 365.922230 1815 58.96 6236 22.76
954 2022 12 15 45000.00 365.942551 1815 58.96 6237 22.77
955 2022 12 15 45000.40 366.342551 1814 58.93 6236 22.76
956 2022 12 15 45000.00 366.762796 1814 58.93 6237 22.77
957 2022 12 15 45000.40 367.162796 1815 58.96 6236 22.76
958 2022 12 15 45000.80 367.562796 1815 58.96 6236 22.76
959 2022 12 15 45001.40 367.983186 1815 58.96 6236 22.76
960 2022 12 15 45001.80 368.383186 1814 58.93 6237 22.77
961 2022 12 15 45002.40 368.803654 1815 58.96 6237 22.77
962 2022 12 15 45002.80 369.203654 1814 58.93 6236 22.76
963 2022 12 15 45003.40 369.623922 1814 58.93 6236 22.76
964 2022 12 15 45003.80 370.023922 1814 58.93 6236 22.76
965 2022 12 15 45004.40 370.444213 1815 58.96 6236 22.76
966 2022 12 15 45004.80 370.844213 1815 58.96 6235 22.75
967 2022 12 15 45005.40 371.264488 1815 58.96 6236 22.76
968 2022 12 15 45005.80 371.664488 1815 58.96 6236 22.76
969 2022 12 15 45005.00 371.684803 1815 58.96 6236 22.76
970 2022 12 15 45005.40 372.084803 1815 58.96 6236 22.76
971 2022 12 15 45006.00 372.505100 1815 58.96 6236 22.76
972 2022 12 15 45006.40 372.905100 1816 58.99 6236 22.76
973 2022 12 15 45006.80 373.305100 1816 58.99 6236 22.76
974 2022 12 15 45007.40 373.725591 1815 58.96 6237 22.77
975 2022 12 15 45007.80 374.125591 1815 58.96 6237 22.77
976 2022 12 15 45008.40 374.546157 1815 58.96 6236 22.76
977 2022 12 15 45008.80 374.946157 1815 58.96 6236 22.76
978 2022 12 15 45009.40 375.366517 1815 58.96 6237 22.77
979 2022 12 15 45009.80 375.766517 1815 58.96 6237 22.77
980 2022 12 15 45009.40 376.187045 1815 58.96 6236 22.76
981 2022 12 15 45009.80 376.587045 1816 58.99 6237 22.77
982 2022 12 15 45010.40 377.007640 1815 58.96 6236 22.76
983 2022 12 15 45010.80 377.407640 1815 58.96 6236 22.76
984 2022 12 15 45011.00 377.428294 1816 58.99 6236 22.76
985 2022 12 15 45011.40 377.828294 1815 58.96 6236 22.76
986 2022 12 15 45012.00 378.248719 1816 58.99 6236 22.76
987 2022 12 15 45012.40 378.648719 1816 58.99 6237 22.77
988 2022 12 15 45012.80 379.048719 1815 58.96 6236 22.76
989 2022 12 15 45013.40 379.469312 1816 58.99 6237 22.77
990 2022 12 15 45013.80 379.869312 1816 58.99 6237 22.77
991 2022 12 15 45014.40 380.289581 1815 58.96 6238 22.78
992 2022 12 15 45014.80 380.689581 1816 58.99 6236 22.76
993 2022 12 15 45014.40 381.109940 1816 58.99 6236 22.76
994 2022 12 15 45014.80 381.509940 1816 58.99 6236 22.76
995 2022 12 15 45015.40 381.930474 1816 58.99 6236 22.76
996 2022 12 15 45015.80 382.330474 1816 58.99 6237 22.77
997 2022 12 15 45016.40 382.751024 1816 58.99 6236 22.76
998 2022 12 15 45016.80 383.151024 1816 58.99 6237 22.77
999 2022 12 15 45017.00 383.171663 1816 58.99 6236 22.76
1000 2022 12 15 45017.40 383.571663 1816 58.99 6236 22.76
1001 2022 12 15 45018.00 383.991926 1816 58.99 6236 22.76
1002 2022 12 15 45018.40 384.391926 1816 58.99 6236 22.76
1003 2022 12 15 45018.80 384.791926 1816 58.99 6236 22.76
1004 2022 12 15 45019.40 385.212176 1816 58.99 6236 22.76
1005 2022 12 15 45019.80 385.612176 1816 58.99 6236 22.76
1006 2022 12 15 45019.40 386.032631 1816 58.99 6236 22.76
1007 2022 12 15 45019.80 386.432631 1816 58.99 6236 22.76
1008 2022 12 15 45020.40 386.853192 1816 58.99 6236 22.76
1009 2022 12 15 45020.80 387.253192 1816 58.99 6235 22.75
1010 2022 12 15 45021.40 387.673688 1817 59.02 6236 22.76
1011 2022 12 15 45021.80 388.073688 1816 58.99 6236 22.76
1012 2022 12 15 45022.40 388.494253 1816 58.99 6235 22.75
1013 2022 12 15 45022.80 388.894253 1816 58.99 6235 22.75
1014 2022 12 15 45023.00 388.915339 1816 58.99 6235 22.75
1015 2022 12 15 45023.40 389.315339 1816 58.99 6234 22.74
1016 2022 12 15 45023.00 389.735594 1816 58.99 6235 22.75
1017 2022 12 15 45023.40 390.135594 1816 58.99 6236 22.76
1018 2022 12 15 45023.80 390.535594 1816 58.99 6236 22.76
1019 2022 12 15 45024.40 390.956159 1816 58.99 6236 22.76
1020 2022 12 15 45024.80 391.356159 1816 58.99 6236 22.76
1021 2022 12 15 45025.40 391.776777 1816 58.99 6236 22.76
1022 2022 12 15 45025.80 392.176777 1816 58.99 6236 22.76
1023 2022 12 15 45026.40 392.597256 1816 58.99 6236 22.76
1024 2022 12 15 45026.80 392.997256 1816 58.99 6235 22.75
1025 2022 12 15 45027.40 393.417694 1816 58.99 6235 22.75
1026 2022 12 15 45027.80 393.817694 1816 58.99 6236 22.76
1027 2022 12 15 45028.00 393.838338 1816 58.99 6235 22.75
1028 2022 12 15 45028.40 394.238338 1816 58.99 6235 22.75
1029 2022 12 15 45028.00 394.658911 1816 58.99 6236 22.76
1030 2022 12 15 45028.40 395.058911 1816 58.99 6236 22.76
1031 2022 12 15 45028.80 395.458911 1816 58.99 6236 22.76
1032 2022 12 15 45029.40 395.879360 1816 58.99 6236 22.76
1033 2022 12 15 45029.80 396.279360 1816 58.99 6236 22.76
1034 2022 12 15 45030.40 396.699835 1816 58.99 6237 22.77
1035 2022 12 15 45030.80 397.099835 1816 58.99 6236 22.76
1036 2022 12 15 45031.40 397.520441 1816 58.99 6235 22.75
1037 2022 12 15 45031.80 397.920441 1816 58.99 6236 22.76
1038 2022 12 15 45032.40 398.341043 1816 58.99 6236 22.76
1039 2022 12 15 45032.80 398.741043 1816 58.99 6236 22.76
1040 2022 12 15 45032.40 399.161551 1816 58.99 6236 22.76
1041 2022 12 15 45032.80 399.561551 1816 58.99 6236 22.76
1042 2022 12 15 45033.00 399.581828 1816 58.99 6236 22.76
1043 2022 12 15 45033.40 399.981828 1816 58.99 6236 22.76
1044 2022 12 15 45034.00 400.402277 1816 58.99 6236 22.76
1045 2022 12 15 45034.40 400.802277 1817 59.02 6236 22.76
1046 2022 12 15 45034.80 401.202277 1816 58.99 6237 22.77
1047 2022 12 15 45035.40 401.622619 1817 59.02 6236 22.76
1048 2022 12 15 45035.80 402.022619 1816 58.99 6236 22.76
1049 2022 12 15 45036.40 402.442840 1816 58.99 6236 22.76
1050 2022 12 15 45036.80 402.842840 1817 59.02 6236 22.76
1051 2022 12 15 45037.40 403.263100 1816 58.99 6236 22.76
1052 2022 12 15 45037.80 403.663100 1816 58.99 6236 22.76
1053 2022 12 15 45037.40 404.083359 1816 58.99 6236 22.76
1054 2022 12 15 45037.80 404.483359 1816 58.99 6236 22.76
1055 2022 12 15 45038.40 404.903627 1816 58.99 6236 22.76
1056 2022 12 15 45038.80 405.303627 1816 58.99 6236 22.76
1057 2022 12 15 45039.00 405.323901 1816 58.99 6236 22.76
1058 2022 12 15 45039.40 405.723901 1816 58.99 6236 22.76
1059 2022 12 15 45040.00 406.144562 1816 58.99 6236 22.76
1060 2022 12 15 45040.40 406.544562 1816 58.99 6236 22.76
1061 2022 12 15 45040.80 406.944562 1816 58.99 6236 22.76
1062 2022 12 15 45041.40 407.365132 1816 58.99 6236 22.76
1063 2022 12 15 45041.80 407.765132 1816 58.99 6235 22.75
1064 2022 12 15 45041.40 408.185397 1816 58.99 6236 22.76
1065 2022 12 15 45041.80 408.585397 1816 58.99 6236 22.76
1066 2022 12 15 45042.40 409.006007 1816 58.99 6235 22.75
1067 2022 12 15 45042.80 409.406007 1816 58.99 6235 22.75
1068 2022 12 15 45043.40 409.826545 1816 58.99 6236 22.76
1069 2022 12 15 45043.80 410.226545 1815 58.96 6236 22.76
1070 2022 12 15 45044.40 410.646818 1816 58.99 6236 22.76
1071 2022 12 15 45044.80 411.046818 1816 58.99 6236 22.76
1072 2022 12 15 45045.00 411.067372 1816 58.99 6236 22.76
1073 2022 12 15 45045.40 411.467372 1816 58.99 6236 22.76
1074 2022 12 15 45046.00 411.887652 1816 58.99 6236 22.76
1075 2022 12 15 45046.40 412.287652 1816 58.99 6236 22.76
1076 2022 12 15 45046.80 412.687652 1816 58.99 6235 22.75
1077 2022 12 15 45046.40 413.108277 1816 58.99 6235 22.75
1078 2022 12 15 45046.80 413.508277 1816 58.99 6235 22.75
1079 2022 12 15 45047.40 413.928516 1816 58.99 6235 22.75
1080 2022 12 15 45047.80 414.328516 1816 58.99 6235 22.75
1081 2022 12 15 45048.40 414.748951 1816 58.99 6235 22.75
1082 2022 12 15 45048.80 415.148951 1816 58.99 6235 22.75
1083 2022 12 15 45049.40 415.569542 1816 58.99 6236 22.76
1084 2022 12 15 45049.80 415.969542 1816 58.99 6236 22.76
1085 2022 12 15 45050.40 416.389888 1816 58.99 6234 22.74
1086 2022 12 15 45050.80 416.789888 1816 58.99 6236 22.76
1087 2022 12 15 45051.00 416.810300 1816 58.99 6235 22.75
1088 2022 12 15 45051.40 417.210300 1816 58.99 6236 22.76
1089 2022 12 15 45051.00 417.630566 1816 58.99 6234 22.74
1090 2022 12 15 45051.40 418.030566 1816 58.99 6235 22.75
1091 2022 12 15 45051.80 418.430566 1815 58.96 6236 22.76
1092 2022 12 15 45052.40 418.851175 1816 58.99 6236 22.76
1093 2022 12 15 45052.80 419.251175 1816 58.99 6236 22.76
1094 2022 12 15 45053.40 419.671644 1816 58.99 6236 22.76
1095 2022 12 15 45053.80 420.071644 1816 58.99 6235 22.75
1096 2022 12 15 45054.40 420.492157 1816 58.99 6234 22.74
1097 2022 12 15 45054.80 420.892157 1816 58.99 6236 22.76
1098 2022 12 15 45055.40 421.312546 1815 58.96 6236 22.76
1099 2022 12 15 45055.80 421.712546 1816 58.99 6235 22.75
1100 2022 12 15 45055.40 422.133131 1816 58.99 6236 22.76
1101 2022 12 15 45055.80 422.533131 1816 58.99 6236 22.76
1102 2022 12 15 45056.00 422.553655 1816 58.99 6236 22.76
1103 2022 12 15 45056.40 422.953655 1816 58.99 6236 22.76
1104 2022 12 15 45056.80 423.353655 1816 58.99 6235 22.75
1105 2022 12 15 45057.40 423.773947 1816 58.99 6236 22.76
1106 2022 12 15 45057.80 424.173947 1816 58.99 6236 22.76
1107 2022 12 15 45058.40 424.594228 1816 58.99 6235 22.75
1108 2022 12 15 45058.80 424.994228 1816 58.99 6236 22.76
1109 2022 12 15 45059.40 425.414678 1816 58.99 6236 22.76
1110 2022 12 15 45059.80 425.814678 1816 58.99 6235 22.75
1111 2022 12 15 45060.40 426.234963 1815 58.96 6236 22.76
1112 2022 12 15 45060.80 426.634963 1816 58.99 6237 22.77
1113 2022 12 15 45060.40 427.055115 1815 58.96 6236 22.76
1114 2022 12 15 45060.80 427.455115 1816 58.99 6236 22.76
1115 2022 12 15 45061.00 427.475372 1816 58.99 6236 22.76
1116 2022 12 15 45061.40 427.875372 1816 58.99 6234 22.74
1117 2022 12 15 45062.00 428.295639 1815 58.96 6235 22.75
1118 2022 12 15 45062.40 428.695639 1816 58.99 6236 22.76
1119 2022 12 15 45062.80 429.095639 1815 58.96 6236 22.76
1120 2022 12 15 45063.40 429.515946 1815 58.96 6236 22.76
1121 2022 12 15 45063.80 429.915946 1816 58.99 6236 22.76
1122 2022 12 15 45064.40 430.336234 1816 58.99 6236 22.76
1123 2022 12 15 45064.80 430.736234 1816 58.99 6236 22.76
1124 2022 12 15 45064.40 431.156501 1816 58.99 6236 22.76
1125 2022 12 15 45064.80 431.556501 1815 58.96 6236 22.76
1126 2022 12 15 45065.40 431.977058 1816 58.99 6235 22.75
1127 2022 12 15 45065.80 432.377058 1815 58.96 6236 22.76
1128 2022 12 15 45066.40 432.797684 1816 58.99 6236 22.76
1129 2022 12 15 45066.80 433.197684 1816 58.99 6236 22.76
1130 2022 12 15 45067.00 433.218225 1816 58.99 6236 22.76
1131 2022 12 15 45067.40 433.618225 1815 58.96 6236 22.76
1132 2022 12 15 45068.00 434.038643 1815 58.96 6236 22.76
1133 2022 12 15 45068.40 434.438643 1816 58.99 6236 22.76
1134 2022 12 15 45068.80 434.838643 1816 58.99 6237 22.77
1135 2022 12 15 45069.40 435.259225 1816 58.99 6237 22.77
1136 2022 12 15 45069.80 435.659225 1816 58.99 6237 22.77
1137 2022 12 15 45069.40 436.079844 1816 58.99 6237 22.77
1138 2022 12 15 45069.80 436.479844 1816 58.99 6238 22.78
1139 2022 12 15 45070.40 436.900472 1815 58.96 6238 22.78
1140 2022 12 15 45070.80 437.300472 1815 58.96 6238 22.78
1141 2022 12 15 45071.40 437.721004 1815 58.96 6236 22.76
1142 2022 12 15 45071.80 438.121004 1816 58.99 6236 22.76
1143 2022 12 15 45072.40 438.541474 1816 58.99 6236 22.76
1144 2022 12 15 45072.80 438.941474 1815 58.96 6237 22.77
1145 2022 12 15 45073.00 438.962115 1815 58.96 6236 22.76
1146 2022 12 15 45073.40 439.362115 1816 58.99 6236 22.76
1147 2022 12 15 45073.00 439.782353 1816 58.99 6238 22.78
1148 2022 12 15 45073.40 440.182353 1815 58.96 6236 22.76
1149 2022 12 15 45073.80 440.582353 1815 58.96 6236 22.76
1150 2022 12 15 45074.40 441.002830 1815 58.96 6236 22.76
1151 2022 12 15 45074.80 441.402830 1816 58.99 6236 22.76
1152 2022 12 15 45075.40 441.823440 1815 58.96 6236 22.76
1153 2022 12 15 45075.80 442.223440 1815 58.96 6236 22.76
1154 2022 12 15 45076.40 442.644092 1815 58.96 6236 22.76
1155 2022 12 15 45076.80 443.044092 1815 58.96 6236 22.76
1156 2022 12 15 45077.40 443.464644 1815 58.96 6236 22.76
1157 2022 12 15 45077.80 443.864644 1815 58.96 6236 22.76
1158 2022 12 15 45078.40 444.285058 1815 58.96 6237 22.77
1159 2022 12 15 45078.80 444.685058 1815 58.96 6237 22.77
1160 2022 12 15 45078.00 444.705494 1814 58.93 6236 22.76
1161 2022 12 15 45078.40 445.105494 1815 58.96 6236 22.76
1162 2022 12 15 45079.00 445.525823 1815 58.96 6237 22.77
1163 2022 12 15 45079.40 445.925823 1815 58.96 6236 22.76
1164 2022 12 15 45079.80 446.325823 1815 58.96 6237 22.77
1165 2022 12 15 45080.40 446.746331 1814 58.93 6237 22.77
1166 2022 12 15 45080.80 447.146331 1815 58.96 6236 22.76
1167 2022 12 15 45081.40 447.566928 1814 58.93 6236 22.76
1168 2022 12 15 45081.80 447.966928 1814 58.93 6236 22.76
1169 2022 12 15 45082.40 448.387596 1815 58.96 6236 22.76
1170 2022 12 15 45082.80 448.787596 1815 58.96 6237 22.77
1171 2022 12 15 45082.40 449.207826 1814 58.93 6236 22.76
1172 2022 12 15 45082.80 449.607826 1814 58.93 6235 22.75
1173 2022 12 15 45083.00 449.628396 1815 58.96 6236 22.76
1174 2022 12 15 45083.40 450.028396 1814 58.93 6236 22.76
1175 2022 12 15 45084.00 450.448954 1814 58.93 6236 22.76
1176 2022 12 15 45084.40 450.848954 1814 58.93 6237 22.77
1177 2022 12 15 45085.00 451.269210 1814 58.93 6237 22.77
1178 2022 12 15 45085.40 451.669210 1814 58.93 6236 22.76
1179 2022 12 15 45085.80 452.069210 1814 58.93 6235 22.75
1180 2022 12 15 45086.40 452.489710 1814 58.93 6236 22.76
1181 2022 12 15 45086.80 452.889710 1814 58.93 6236 22.76
1182 2022 12 15 45087.40 453.310142 1814 58.93 6236 22.76
1183 2022 12 15 45087.80 453.710142 1815 58.96 6235 22.75
1184 2022 12 15 45087.40 454.130322 1814 58.93 6235 22.75
1185 2022 12 15 45087.80 454.530322 1815 58.96 6236 22.76
1186 2022 12 15 45088.40 454.950637 1815 58.96 6235 22.75
1187 2022 12 15 45088.80 455.350637 1815 58.96 6235 22.75
1188 2022 12 15 45089.00 455.371190 1815 58.96 6235 22.75
1189 2022 12 15 45089.40 455.771190 1815 58.96 6236 22.76
1190 2022 12 15 45090.00 456.191382 1815 58.96 6236 22.76
1191 2022 12 15 45090.40 456.591382 1815 58.96 6236 22.76
1192 2022 12 15 45090.80 456.991382 1815 58.96 6235 22.75
1193 2022 12 15 45091.40 457.412051 1815 58.96 6234 22.74
1194 2022 12 15 45091.80 457.812051 1815 58.96 6235 22.75
1195 2022 12 15 45092.40 458.232558 1815 58.96 6236 22.76
1196 2022 12 15 45092.80 458.632558 1815 58.96 6234 22.74
1197 2022 12 15 45092.40 459.053039 1815 58.96 6235 22.75
1198 2022 12 15 45092.80 459.453039 1815 58.96 6235 22.75
1199 2022 12 15 45093.40 459.873505 1815 58.96 6235 22.75
1200 2022 12 15 45093.80 460.273505 1815 58.96 6236 22.76
1201 2022 12 15 45094.40 460.693875 1815 58.96 6234 22.74
1202 2022 12 15 45094.80 461.093875 1815 58.96 6235 22.75
1203 2022 12 15 45095.00 461.114451 1815 58.96 6235 22.75
1204 2022 12 15 45095.40 461.514451 1816 58.99 6236 22.76
1205 2022 12 15 45096.00 461.935051 1815 58.96 6236 22.76
1206 2022 12 15 45096.40 462.335051 1815 58.96 6235 22.75
1207 2022 12 15 45096.80 462.735051 1815 58.96 6236 22.76
1208 2022 12 15 45096.40 463.155613 1815 58.96 6236 22.76
1209 2022 12 15 45096.80 463.555613 1815 58.96 6236 22.76
1210 2022 12 15 45097.40 463.976118 1816 58.99 6236 22.76
1211 2022 12 15 45097.80 464.376118 1816 58.99 6236 22.76
1212 2022 12 15 45098.40 464.796692 1816 58.99 6236 22.76
1213 2022 12 15 45098.80 465.196692 1816 58.99 6236 22.76
1214 2022 12 15 45099.40 465.617328 1815 58.96 6236 22.76
1215 2022 12 15 45099.80 466.017328 1816 58.99 6236 22.76
1216 2022 12 15 45100.40 466.437709 1815 58.96 6236 22.76
1217 2022 12 15 45100.80 466.837709 1816 58.99 6236 22.76
1218 2022 12 15 45101.00 466.858252 1815 58.96 6236 22.76
1219 2022 12 15 45101.40 467.258252 1816 58.99 6235 22.75
1220 2022 12 15 45101.00 467.678774 1816 58.99 6236 22.76
1221 2022 12 15 45101.40 468.078774 1816 58.99 6236 22.76
1222 2022 12 15 45101.80 468.478774 1816 58.99 6234 22.74
1223 2022 12 15 45102.40 468.899424 1816 58.99 6235 22.75
1224 2022 12 15 45102.80 469.299424 1816 58.99 6235 22.75
1225 2022 12 15 45103.40 469.719740 1815 58.96 6235 22.75
1226 2022 12 15 45103.80 470.119740 1816 58.99 6236 22.76
1227 2022 12 15 45104.40 470.540233 1816 58.99 6235 22.75
1228 2022 12 15 45104.80 470.940233 1815 58.96 6236 22.76
1229 2022 12 15 45105.40 471.360837 1815 58.96 6235 22.75
1230 2022 12 15 45105.80 471.760837 1815 58.96 6235 22.75
1231 2022 12 15 45105.40 472.181187 1816 58.99 6236 22.76
1232 2022 12 15 45105.80 472.581187 1816 58.99 6235 22.75
1233 2022 12 15 45106.00 472.601738 1816 58.99 6236 22.76
1234 2022 12 15 45106.40 473.001738 1816 58.99 6236 22.76
1235 2022 12 15 45107.00 473.422339 1815 58.96 6236 22.76
1236 2022 12 15 45107.40 473.822339 1815 58.96 6236 22.76
1237 2022 12 15 45107.80 474.222339 1815 58.96 6237 22.77
1238 2022 12 15 45108.40 474.642646 1815 58.96 6236 22.76
1239 2022 12 15 45108.80 475.042646 1815 58.96 6236 22.76
1240 2022 12 15 45109.40 475.462917 1815 58.96 6236 22.76
1241 2022 12 15 45109.80 475.862917 1815 58.96 6236 22.76
1242 2022 12 15 45110.40 476.283426 1815 58.96 6236 22.76
1243 2022 12 15 45110.80 476.683426 1815 58.96 6236 22.76
1244 2022 12 15 45110.40 477.103849 1815 58.96 6236 22.76
1245 2022 12 15 45110.80 477.503849 1815 58.96 6236 22.76
1246 2022 12 15 45111.40 477.924088 1815 58.96 6235 22.75
1247 2022 12 15 45111.80 478.324088 1815 58.96 6236 22.76
1248 2022 12 15 45112.00 478.344344 1815 58.96 6237 22.77
1249 2022 12 15 45112.40 478.744344 1815 58.96 6235 22.75
1250 2022 12 15 45112.80 479.144344 1815 58.96 6236 22.76
1251 2022 12 15 45113.40 479.564625 1815 58.96 6236 22.76
1252 2022 12 15 45113.80 479.964625 1815 58.96 6236 22.76
1253 2022 12 15 45114.40 480.384897 1815 58.96 6235 22.75
1254 2022 12 15 45114.80 480.784897 1815 58.96 6236 22.76
1255 2022 12 15 45114.40 481.205120 1815 58.96 6236 22.76
1256 2022 12 15 45114.80 481.605120 1815 58.96 6236 22.76
1257 2022 12 15 45115.40 482.025381 1814 58.93 6236 22.76
1258 2022 12 15 45115.80 482.425381 1815 58.96 6236 22.76
1259 2022 12 15 45116.40 482.846022 1815 58.96 6236 22.76
1260 2022 12 15 45116.80 483.246022 1815 58.96 6237 22.77
1261 2022 12 15 45117.00 483.266262 1815 58.96 6237 22.77
1262 2022 12 15 45117.40 483.666262 1815 58.96 6236 22.76
1263 2022 12 15 45118.00 484.086822 1815 58.96 6237 22.77
1264 2022 12 15 45118.40 484.486822 1814 58.93 6237 22.77
1265 2022 12 15 45118.80 484.886822 1814 58.93 6237 22.77
1266 2022 12 15 45119.40 485.307268 1814 58.93 6237 22.77
1267 2022 12 15 45119.80 485.707268 1815 58.96 6237 22.77
1268 2022 12 15 45119.40 486.127920 1814 58.93 6238 22.78
1269 2022 12 15 45119.80 486.527920 1814 58.93 6237 22.77
1270 2022 12 15 45120.40 486.948204 1814 58.93 6236 22.76
1271 2022 12 15 45120.80 487.348204 1814 58.93 6237 22.77
1272 2022 12 15 45121.40 487.768496 1814 58.93 6238 22.78
1273 2022 12 15 45121.80 488.168496 1814 58.93 6236 22.76
1274 2022 12 15 45122.40 488.588772 1814 58.93 6237 22.77
1275 2022 12 15 45122.80 488.988772 1814 58.93 6238 22.78
1276 2022 12 15 45123.00 489.009052 1815 58.96 6238 22.78
1277 2022 12 15 45123.40 489.409052 1814 58.93 6238 22.78
1278 2022 12 15 45124.00 489.829324 1814 58.93 6238 22.78
1279 2022 12 15 45124.40 490.229324 1814 58.93 6239 22.79
1280 2022 12 15 45124.80 490.629324 1814 58.93 6238 22.78
1281 2022 12 15 45124.40 491.049630 1814 58.93 6238 22.78
1282 2022 12 15 45124.80 491.449630 1814 58.93 6239 22.79
1283 2022 12 15 45125.40 491.870214 1814 58.93 6238 22.78
1284 2022 12 15 45125.80 492.270214 1814 58.93 6239 22.79
1285 2022 12 15 45126.40 492.690660 1814 58.93 6239 22.79
1286 2022 12 15 45126.80 493.090660 1814 58.93 6239 22.79
1287 2022 12 15 45127.40 493.511126 1814 58.93 6238 22.78
1288 2022 12 15 45127.80 493.911126 1814 58.93 6238 22.78
1289 2022 12 15 45128.40 494.331605 1814 58.93 6239 22.79
1290 2022 12 15 45128.80 494.731605 1814 58.93 6239 22.79
1291 2022 12 15 45128.00 494.752342 1814 58.93 6239 22.79
1292 2022 12 15 45128.40 495.152342 1814 58.93 6240 22.80
1293 2022 12 15 45129.00 495.572591 1814 58.94 6239 22.79
1294 2022 12 15 45129.40 495.972591 1814 58.93 6239 22.79
1295 2022 12 15 45129.80 496.372591 1814 58.93 6239 22.79
1296 2022 12 15 45130.40 496.792938 1814 58.93 6238 22.78
1297 2022 12 15 45130.80 497.192938 1814 58.93 6239 22.79
1298 2022 12 15 45131.40 497.613499 1814 58.93 6239 22.79
1299 2022 12 15 45131.80 498.013499 1814 58.93 6238 22.78
1300 2022 12 15 45132.40 498.434027 1814 58.93 6238 22.78
1301 2022 12 15 45132.80 498.834027 1814 58.93 6238 22.78
1302 2022 12 15 45133.40 499.254511 1814 58.93 6239 22.79
1303 2022 12 15 45133.80 499.654511 1814 58.93 6238 22.78
1304 2022 12 15 45133.40 500.075082 1814 58.93 6238 22.78
1305 2022 12 15 45133.80 500.475082 1814 58.93 6237 22.77
1306 2022 12 15 45134.00 500.495325 1815 58.96 6238 22.78
1307 2022 12 15 45134.40 500.895325 1814 58.93 6237 22.77
1308 2022 12 15 45135.00 501.315882 1815 58.96 6239 22.79
1309 2022 12 15 45135.40 501.715882 1814 58.93 6238 22.78
1310 2022 12 15 45135.80 502.115882 1814 58.93 6237 22.77
1311 2022 12 15 45136.40 502.536177 1815 58.96 6237 22.77
1312 2022 12 15 45136.80 502.936177 1814 58.93 6237 22.77
1313 2022 12 15 45137.40 503.356640 1814 58.93 6236 22.76
1314 2022 12 15 45137.80 503.756640 1815 58.96 6236 22.76
1315 2022 12 15 45137.40 504.177033 1814 58.93 6238 22.78
1316 2022 12 15 45137.80 504.577033 1814 58.93 6237 22.77
1317 2022 12 15 45138.40 504.997208 1815 58.96 6238 22.78
1318 2022 12 15 45138.80 505.397208 1814 58.93 6238 22.78
1319 2022 12 15 45139.40 505.817681 1815 58.96 6237 22.77
1320 2022 12 15 45139.80 506.217681 1815 58.96 6236 22.76
1321 2022 12 15 45140.00 506.238153 1814 58.93 6237 22.77
1322 2022 12 15 45140.40 506.638153 1815 58.96 6238 22.78
1323 2022 12 15 45141.00 507.058726 1815 58.96 6238 22.78
1324 2022 12 15 45141.40 507.458726 1815 58.96 6238 22.78
1325 2022 12 15 45141.80 507.858726 1814 58.93 6238 22.78
1326 2022 12 15 45142.40 508.279205 1815 58.96 6236 22.76
1327 2022 12 15 45142.80 508.679205 1814 58.93 6237 22.77
1328 2022 12 15 45142.40 509.099772 1815 58.96 6238 22.78
1329 2022 12 15 45142.80 509.499772 1814 58.93 6237 22.77
1330 2022 12 15 45143.40 509.920365 1814 58.93 6238 22.78
1331 2022 12 15 45143.80 510.320365 1814 58.93 6238 22.78
1332 2022 12 15 45144.40 510.740624 1814 58.93 6238 22.78
1333 2022 12 15 45144.80 511.140624 1814 58.93 6239 22.79
1334 2022 12 15 45145.00 511.161058 1814 58.93 6237 22.77
1335 2022 12 15 45145.40 511.561058 1815 58.96 6238 22.78
1336 2022 12 15 45146.00 511.981460 1814 58.93 6238 22.78
1337 2022 12 15 45146.40 512.381460 1814 58.93 6238 22.78
1338 2022 12 15 45146.80 512.781460 1815 58.96 6238 22.78
1339 2022 12 15 45146.40 513.202087 1814 58.93 6238 22.78
1340 2022 12 15 45146.80 513.602087 1815 58.96 6238 22.78
1341 2022 12 15 45147.40 514.022636 1814 58.93 6238 22.78
1342 2022 12 15 45147.80 514.422636 1814 58.93 6238 22.78
1343 2022 12 15 45148.40 514.843044 1814 58.93 6238 22.78
1344 2022 12 15 45148.80 515.243044 1815 58.96 6238 22.78
1345 2022 12 15 45149.40 515.663528 1814 58.93 6238 22.78
1346 2022 12 15 45149.80 516.063528 1814 58.93 6238 22.78
1347 2022 12 15 45150.40 516.483954 1814 58.93 6237 22.77
1348 2022 12 15 45150.80 516.883954 1814 58.93 6238 22.78
1349 2022 12 15 45151.00 516.904502 1814 58.93 6238 22.78
1350 2022 12 15 45151.40 517.304502 1815 58.96 6236 22.76
1351 2022 12 15 45151.00 517.725031 1814 58.93 6237 22.77
1352 2022 12 15 45151.40 518.125031 1814 58.93 6237 22.77
1353 2022 12 15 45151.80 518.525031 1815 58.96 6237 22.77
1354 2022 12 15 45152.40 518.945484 1815 58.96 6237 22.77
1355 2022 12 15 45152.80 519.345484 1814 58.93 6236 22.76
1356 2022 12 15 45153.40 519.765985 1814 58.93 6238 22.78
1357 2022 12 15 45153.80 520.165985 1815 58.96 6238 22.78
1358 2022 12 15 45154.40 520.586540 1814 58.93 6237 22.77
1359 2022 12 15 45154.80 520.986540 1814 58.93 6237 22.77
1360 2022 12 15 45155.40 521.407173 1815 58.96 6236 22.76
1361 2022 12 15 45155.80 521.807173 1814 58.93 6237 22.77
1362 2022 12 15 45156.40 522.227821 1814 58.93 6238 22.78
1363 2022 12 15 45156.80 522.627821 1815 58.96 6238 22.78
1364 2022 12 15 45156.00 522.648366 1814 58.93 6237 22.77
1365 2022 12 15 45156.40 523.048366 1815 58.96 6236 22.76
1366 2022 12 15 45157.00 523.468990 1815 58.96 6236 22.76
1367 2022 12 15 45157.40 523.868990 1815 58.96 6236 22.76
1368 2022 12 15 45157.80 524.268990 1815 58.96 6236 22.76
1369 2022 12 15 45158.40 524.689210 1815 58.96 6237 22.77
1370 2022 12 15 45158.80 525.089210 1815 58.96 6236 22.76
1371 2022 12 15 45159.40 525.509686 1816 58.99 6237 22.77
1372 2022 12 15 45159.80 525.909686 1815 58.96 6237 22.77
1373 2022 12 15 45160.40 526.329999 1816 58.99 6236 22.76
1374 2022 12 15 45160.80 526.729999 1815 58.96 6236 22.76
1375 2022 12 15 45160.40 527.150188 1816 58.99 6236 22.76
1376 2022 12 15 45160.80 527.550188 1815 58.96 6236 22.76
1377 2022 12 15 45161.40 527.970832 1815 58.96 6236 22.76
1378 2022 12 15 45161.80 528.370832 1816 58.99 6236 22.76
1379 2022 12 15 45162.00 528.391212 1815 58.96 6236 22.76
1380 2022 12 15 45162.40 528.791212 1816 58.99 6236 22.76
1381 2022 12 15 45163.00 529.211701 1816 58.99 6236 22.76
1382 2022 12 15 45163.40 529.611701 1815 58.96 6236 22.76
1383 2022 12 15 45163.80 530.011701 1815 58.96 6236 22.76
1384 2022 12 15 45164.40 530.432263 1816 58.99 6236 22.76
1385 2022 12 15 45164.80 530.832263 1816 58.99 6236 22.76
1386 2022 12 15 45165.40 531.252599 1815 58.96 6236 22.76
1387 2022 12 15 45165.80 531.652599 1816 58.99 6236 22.76
1388 2022 12 15 45165.40 532.073095 1815 58.96 6236 22.76
1389 2022 12 15 45165.80 532.473095 1816 58.99 6235 22.75
1390 2022 12 15 45166.40 532.893743 1815 58.96 6235 22.75
1391 2022 12 15 45166.80 533.293743 1816 58.99 6237 22.77
1392 2022 12 15 45167.40 533.714249 1815 58.96 6236 22.76
1393 2022 12 15 45167.80 534.114249 1815 58.96 6237 22.77
1394 2022 12 15 45168.00 534.134782 1816 58.99 6235 22.75
1395 2022 12 15 45168.40 534.534782 1815 58.96 6236 22.76
1396 2022 12 15 45169.00 534.955015 1816 58.99 6236 22.76
1397 2022 12 15 45169.40 535.355015 1815 58.96 6236 22.76
1398 2022 12 15 45169.80 535.755015 1815 58.96 6236 22.76
1399 2022 12 15 45169.40 536.175547 1815 58.96 6237 22.77
1400 2022 12 15 45169.80 536.575547 1815 58.96 6237 22.77
1401 2022 12 15 45170.40 536.995904 1815 58.96 6236 22.76
1402 2022 12 15 45170.80 537.395904 1815 58.96 6236 22.76
1403 2022 12 15 45171.40 537.816479 1815 58.96 6237 22.77
1404 2022 12 15 45171.80 538.216479 1815 58.96 6236 22.76
1405 2022 12 15 45172.40 538.637045 1815 58.96 6235 22.75
1406 2022 12 15 45172.80 539.037045 1815 58.96 6236 22.76
1407 2022 12 15 45173.40 539.457288 1815 58.96 6236 22.76
1408 2022 12 15 45173.80 539.857288 1815 58.96 6236 22.76
1409 2022 12 15 45174.00 539.877782 1815 58.96 6236 22.76
1410 2022 12 15 45174.40 540.277782 1815 58.96 6236 22.76
1411 2022 12 15 45174.80 540.677782 1815 58.96 6236 22.76
1412 2022 12 15 45174.40 541.098388 1815 58.96 6236 22.76
1413 2022 12 15 45174.80 541.498388 1815 58.96 6237 22.77
1414 2022 12 15 45175.40 541.919039 1815 58.96 6236 22.76
1415 2022 12 15 45175.80 542.319039 1815 58.96 6236 22.76
1416 2022 12 15 45176.40 542.739285 1816 58.99 6236 22.76
1417 2022 12 15 45176.80 543.139285 1816 58.99 6236 22.76
1418 2022 12 15 45177.40 543.559869 1815 58.96 6235 22.75
1419 2022 12 15 45177.80 543.959869 1815 58.96 6236 22.76
1420 2022 12 15 45178.40 544.380422 1815 58.96 6235 22.75
1421 2022 12 15 45178.80 544.780422 1815 58.96 6236 22.76
1422 2022 12 15 45178.00 544.800865 1815 58.96 6234 22.74
1423 2022 12 15 45178.40 545.200865 1815 58.96 6236 22.76
1424 2022 12 15 45179.00 545.621143 1816 58.99 6235 22.75
1425 2022 12 15 45179.40 546.021143 1816 58.99 6236 22.76
1426 2022 12 15 45179.80 546.421143 1815 58.96 6236 22.76
1427 2022 12 15 45180.40 546.841423 1816 58.99 6235 22.75
1428 2022 12 15 45180.80 547.241423 1816 58.99 6236 22.76
1429 2022 12 15 45181.40 547.661667 1816 58.99 6235 22.75
1430 2022 12 15 45181.80 548.061667 1816 58.99 6235 22.75
1431 2022 12 15 45182.40 548.481931 1816 58.99 6236 22.76
1432 2022 12 15 45182.80 548.881931 1816 58.99 6235 22.75
1433 2022 12 15 45183.40 549.302219 1816 58.99 6235 22.75
1434 2022 12 15 45183.80 549.702219 1816 58.99 6236 22.76
1435 2022 12 15 45183.40 550.122488 1816 58.99 6236 22.76
1436 2022 12 15 45183.80 550.522488 1816 58.99 6236 22.76
1437 2022 12 15 45184.00 550.542807 1816 58.99 6235 22.75
1438 2022 12 15 45184.40 550.942807 1816 58.99 6236 22.76
1439 2022 12 15 45185.00 551.363083 1816 58.99 6236 22.76
1440 2022 12 15 45185.40 551.763083 1816 58.99 6236 22.76
1441 2022 12 15 45185.80 552.163083 1817 59.02 6236 22.76
1442 2022 12 15 45186.40 552.583421 1817 59.02 6235 22.75
1443 2022 12 15 45186.80 552.983421 1816 58.99 6236 22.76
1444 2022 12 15 45187.40 553.403658 1816 58.99 6236 22.76
1445 2022 12 15 45187.80 553.803658 1816 58.99 6236 22.76
1446 2022 12 15 45188.40 554.223901 1816 58.99 6235 22.75
1447 2022 12 15 45188.80 554.623901 1816 58.99 6236 22.76
1448 2022 12 15 45188.40 555.044185 1816 58.99 6236 22.76
1449 2022 12 15 45188.80 555.444185 1816 58.99 6234 22.74
1450 2022 12 15 45189.40 555.864455 1816 58.99 6235 22.75
1451 2022 12 15 45189.80 556.264455 1817 59.02 6235 22.75
1452 2022 12 15 45190.00 556.284994 1817 59.02 6235 22.75
1453 2022 12 15 45190.40 556.684994 1817 59.02 6234 22.74
1454 2022 12 15 45191.00 557.105589 1817 59.02 6235 22.75
1455 2022 12 15 45191.40 557.505589 1817 59.02 6235 22.75
1456 2022 12 15 45191.80 557.905589 1817 59.02 6235 22.75
1457 2022 12 15 45192.40 558.326104 1817 59.02 6235 22.75
1458 2022 12 15 45192.80 558.726104 1817 59.02 6236 22.76
1459 2022 12 15 45192.40 559.146373 1817 59.02 6234 22.74
1460 2022 12 15 45192.80 559.546373 1818 59.05 6235 22.75
1461 2022 12 15 45193.40 559.967017 1817 59.02 6235 22.75
1462 2022 12 15 45193.80 560.367017 1817 59.02 6236 22.76
1463 2022 12 15 45194.40 560.787215 1817 59.02 6235 22.75
1464 2022 12 15 45194.80 561.187215 1817 59.02 6236 22.76
1465 2022 12 15 45195.40 561.607748 1818 59.05 6235 22.75
1466 2022 12 15 45195.80 562.007748 1818 59.05 6235 22.75
1467 2022 12 15 45196.00 562.028263 1818 59.05 6236 22.76
1468 2022 12 15 45196.40 562.428263 1818 59.05 6234 22.74
1469 2022 12 15 45197.00 562.848550 1818 59.05 6234 22.74
1470 2022 12 15 45197.40 563.248550 1818 59.05 6235 22.75
1471 2022 12 15 45197.80 563.648550 1818 59.05 6234 22.74
1472 2022 12 15 45197.40 564.069063 1818 59.05 6235 22.75
1473 2022 12 15 45197.80 564.469063 1818 59.05 6236 22.76
1474 2022 12 15 45198.40 564.889627 1818 59.05 6235 22.75
1475 2022 12 15 45198.80 565.289627 1818 59.05 6236 22.76
1476 2022 12 15 45199.40 565.709920 1818 59.05 6235 22.75
1477 2022 12 15 45199.80 566.109920 1818 59.05 6235 22.75
1478 2022 12 15 45200.40 566.530487 1818 59.05 6236 22.76
1479 2022 12 15 45200.80 566.930487 1818 59.05 6236 22.76
1480 2022 12 15 45201.00 566.951030 1818 59.05 6235 22.75
1481 2022 12 15 45201.40 567.351030 1818 59.05 6236 22.76
1482 2022 12 15 45201.00 567.771616 1818 59.05 6235 22.75
1483 2022 12 15 45201.40 568.171616 1817 59.02 6236 22.76
1484 2022 12 15 45202.00 568.592258 1818 59.05 6236 22.76
1485 2022 12 15 45202.40 568.992258 1817 59.02 6236 22.76
1486 2022 12 15 45202.80 569.392258 1818 59.05 6235 22.75
1487 2022 12 15 45203.40 569.812713 1818 59.05 6236 22.76
1488 2022 12 15 45203.80 570.212713 1817 59.02 6236 22.76
1489 2022 12 15 45204.40 570.632958 1817 59.02 6237 22.77
1490 2022 12 15 45204.80 571.032958 1817 59.02 6236 22.76
1491 2022 12 15 45205.40 571.453539 1818 59.05 6236 22.76
1492 2022 12 15 45205.80 571.853539 1818 59.05 6236 22.76
1493 2022 12 15 45206.40 572.273731 1817 59.02 6236 22.76
1494 2022 12 15 45206.80 572.673731 1817 59.02 6236 22.76
1495 2022 12 15 45206.00 572.694215 1817 59.02 6235 22.75
1496 2022 12 15 45206.40 573.094215 1817 59.02 6236 22.76
1497 2022 12 15 45207.00 573.514795 1817 59.02 6236 22.76
1498 2022 12 15 45207.40 573.914795 1817 59.02 6236 22.76
1499 2022 12 15 45207.80 574.314795 1817 59.02 6237 22.77
1500 2022 12 15 45208.40 574.735436 1817 59.02 6237 22.77
1501 2022 12 15 45208.80 575.135436 1817 59.02 6236 22.76
1502 2022 12 15 45209.40 575.555836 1817 59.02 6237 22.77
1503 2022 12 15 45209.80 575.955836 1817 59.02 6236 22.76
1504 2022 12 15 45210.40 576.376066 1817 59.02 6236 22.76
1505 2022 12 15 45210.80 576.776066 1817 59.02 6235 22.75
1506 2022 12 15 45210.40 577.196678 1817 59.02 6236 22.76
1507 2022 12 15 45210.80 577.596678 1817 59.02 6236 22.76
1508 2022 12 15 45211.40 578.017366 1817 59.02 6235 22.75
1509 2022 12 15 45211.80 578.417366 1817 59.02 6236 22.76
1510 2022 12 15 45212.00 578.437806 1817 59.02 6236 22.76
1511 2022 12 15 45212.40 578.837806 1817 59.02 6236 22.76
1512 2022 12 15 45213.00 579.258288 1817 59.02 6236 22.76
1513 2022 12 15 45213.40 579.658288 1817 59.02 6236 22.76
1514 2022 12 15 45213.80 580.058288 1817 59.02 6236 22.76
1515 2022 12 15 45214.40 580.478773 1817 59.02 6237 22.77
1516 2022 12 15 45214.80 580.878773 1816 58.99 6236 22.76
1517 2022 12 15 45215.40 581.299153 1817 59.02 6237 22.77
1518 2022 12 15 45215.80 581.699153 1817 59.02 6237 22.77
1519 2022 12 15 45215.40 582.119697 1817 59.02 6236 22.76
1520 2022 12 15 45215.80 582.519697 1817 59.02 6236 22.76
1521 2022 12 15 45216.40 582.940283 1817 59.02 6236 22.76
1522 2022 12 15 45216.80 583.340283 1817 59.02 6237 22.77
1523 2022 12 15 45217.40 583.760910 1817 59.02 6236 22.76
1524 2022 12 15 45217.80 584.160910 1817 59.02 6236 22.76
1525 2022 12 15 45218.00 584.181479 1816 58.99 6237 22.77
1526 2022 12 15 45218.40 584.581479 1817 59.02 6236 22.76
1527 2022 12 15 45219.00 585.002013 1816 58.99 6236 22.76
1528 2022 12 15 45219.40 585.402013 1816 58.99 6237 22.77
1529 2022 12 15 45219.80 585.802013 1816 58.99 6237 22.77
1530 2022 12 15 45220.40 586.222334 1816 58.99 6236 22.76
1531 2022 12 15 45220.80 586.622334 1816 58.99 6236 22.76
1532 2022 12 15 45220.40 587.042714 1817 59.02 6237 22.77
1533 2022 12 15 45220.80 587.442714 1817 59.02 6237 22.77
1534 2022 12 15 45221.40 587.863266 1816 58.99 6236 22.76
1535 2022 12 15 45221.80 588.263266 1816 58.99 6236 22.76
1536 2022 12 15 45222.40 588.683858 1816 58.99 6236 22.76
1537 2022 12 15 45222.80 589.083858 1816 58.99 6236 22.76
1538 2022 12 15 45223.40 589.504171 1816 58.99 6236 22.76
1539 2022 12 15 45223.80 589.904171 1816 58.99 6236 22.76
1540 2022 12 15 45224.00 589.924669 1816 58.99 6235 22.75
1541 2022 12 15 45224.40 590.324669 1816 58.99 6236 22.76
1542 2022 12 15 45224.00 590.745242 1816 58.99 6236 22.76
1543 2022 12 15 45224.40 591.145242 1816 58.99 6236 22.76
1544 2022 12 15 45224.80 591.545242 1816 58.99 6236 22.76
1545 2022 12 15 45225.40 591.965863 1816 58.99 6236 22.76
1546 2022 12 15 45225.80 592.365863 1817 59.02 6236 22.76
1547 2022 12 15 45226.40 592.786155 1817 59.02 6235 22.75
1548 2022 12 15 45226.80 593.186155 1816 58.99 6235 22.75
1549 2022 12 15 45227.40 593.606701 1816 58.99 6236 22.76
1550 2022 12 15 45227.80 594.006701 1816 58.99 6235 22.75
1551 2022 12 15 45228.40 594.427265 1816 58.99 6235 22.75
1552 2022 12 15 45228.80 594.827265 1816 58.99 6235 22.75
1553 2022 12 15 45229.40 595.247774 1816 58.99 6235 22.75
1554 2022 12 15 45229.80 595.647774 1817 59.02 6236 22.76
1555 2022 12 15 45229.00 595.668186 1817 59.02 6235 22.75
1556 2022 12 15 45229.40 596.068186 1816 58.99 6235 22.75
1557 2022 12 15 45229.80 596.468186 1816 58.99 6236 22.76
1558 2022 12 15 45230.40 596.888787 1816 58.99 6236 22.76
1559 2022 12 15 45230.80 597.288787 1817 59.02 6236 22.76
1560 2022 12 15 45231.40 597.709242 1817 59.02 6236 22.76
1561 2022 12 15 45231.80 598.109242 1817 59.02 6236 22.76
1562 2022 12 15 45232.40 598.529824 1817 59.02 6236 22.76
1563 2022 12 15 45232.80 598.929824 1817 59.02 6237 22.77
1564 2022 12 15 45233.40 599.350359 1817 59.02 6236 22.76
1565 2022 12 15 45233.80 599.750359 1816 58.99 6236 22.76
1566 2022 12 15 45233.40 600.170599 1816 58.99 6236 22.76
1567 2022 12 15 45233.80 600.570599 1816 58.99 6236 22.76
1568 2022 12 15 45234.00 600.590848 1816 58.99 6235 22.75
1569 2022 12 15 45234.40 600.990848 1816 58.99 6237 22.77
