n anno mese giorno hum_int time RH_raw RH_true temp_int temp_corr
0 2022 12 15 41160.00 0.400962 1810 55.28 6230 22.70
1 2022 12 15 41161.40 1.201322 1811 58.83 6229 22.69
2 2022 12 15 41161.00 1.201648 1811 58.83 6230 22.70
3 2022 12 15 41162.00 1.601962 1811 58.83 6231 22.71
4 2022 12 15 41162.00 2.002236 1811 58.83 6229 22.69
5 2022 12 15 41162.00 2.402511 1811 58.83 6229 22.69
6 2022 12 15 41163.00 2.802746 1811 58.83 6230 22.70
7 2022 12 15 41163.00 3.202950 1811 58.83 6230 22.70
8 2022 12 15 41164.00 3.603169 1811 58.83 6230 22.70
9 2022 12 15 41164.40 4.003169 1811 58.83 6230 22.70
10 2022 12 15 41164.40 4.403418 1811 58.83 6230 22.70
11 2022 12 15 41164.40 4.803627 1811 58.83 6230 22.70
12 2022 12 15 41165.40 5.203854 1811 58.83 6231 22.71
13 2022 12 15 41165.40 5.604116 1811 58.83 6230 22.70
14 2022 12 15 41166.40 6.004670 1811 58.83 6230 22.70
15 2022 12 15 41166.40 6.405213 1811 58.83 6230 22.70
16 2022 12 15 41166.40 6.805454 1811 58.83 6230 22.70
17 2022 12 15 41167.40 7.205992 1811 58.83 6230 22.70
18 2022 12 15 41167.40 7.606467 1811 58.83 6230 22.70
19 2022 12 15 41168.40 8.007006 1811 58.83 6231 22.71
20 2022 12 15 41168.40 8.407556 1811 58.83 6230 22.70
21 2022 12 15 41168.40 8.807959 1811 58.83 6231 22.71
22 2022 12 15 41169.40 9.208503 1812 58.86 6230 22.70
23 2022 12 15 41169.40 9.609020 1811 58.83 6231 22.71
24 2022 12 15 41170.40 10.009586 1811 58.83 6230 22.70
25 2022 12 15 41170.00 10.009830 1812 58.86 6230 22.70
26 2022 12 15 41170.00 10.410324 1811 58.83 6230 22.70
27 2022 12 15 41171.00 10.810859 1811 58.83 6230 22.70
28 2022 12 15 41171.00 11.211337 1811 58.83 6230 22.70
29 2022 12 15 41172.00 11.611933 1811 58.83 6230 22.70
30 2022 12 15 41172.00 12.012536 1811 58.83 6229 22.69
31 2022 12 15 41172.40 12.412536 1812 58.86 6230 22.70
32 2022 12 15 41172.40 12.812996 1811 58.83 6230 22.70
33 2022 12 15 41173.40 13.213541 1812 58.86 6230 22.70
34 2022 12 15 41173.40 13.614004 1811 58.83 6230 22.70
35 2022 12 15 41174.40 14.014557 1811 58.83 6230 22.70
36 2022 12 15 41174.40 14.415160 1811 58.83 6230 22.70
37 2022 12 15 41174.40 14.815635 1811 58.83 6229 22.69
38 2022 12 15 41175.40 15.216206 1811 58.83 6230 22.70
39 2022 12 15 41175.40 15.616374 1811 58.83 6230 22.70
40 2022 12 15 41176.40 16.016688 1811 58.83 6230 22.70
41 2022 12 15 41176.40 16.416960 1812 58.86 6230 22.70
42 2022 12 15 41176.40 16.817373 1812 58.86 6229 22.69
43 2022 12 15 41177.40 17.217767 1812 58.86 6231 22.71
44 2022 12 15 41177.40 17.618007 1811 58.83 6230 22.70
45 2022 12 15 41178.40 18.018456 1812 58.86 6229 22.69
46 2022 12 15 41178.00 18.018927 1811 58.83 6230 22.70
47 2022 12 15 41178.00 18.419149 1811 58.83 6229 22.69
48 2022 12 15 41179.00 18.819560 1811 58.83 6229 22.69
49 2022 12 15 41179.00 19.219987 1811 58.83 6229 22.69
50 2022 12 15 41180.00 19.620182 1811 58.83 6229 22.69
51 2022 12 15 41180.00 20.020525 1811 58.83 6230 22.70
52 2022 12 15 41180.00 20.420687 1811 58.83 6230 22.70
53 2022 12 15 41180.40 20.820687 1811 58.83 6229 22.69
54 2022 12 15 41181.40 21.220961 1812 58.86 6229 22.69
55 2022 12 15 41181.40 21.621403 1811 58.83 6230 22.70
56 2022 12 15 41182.40 22.021921 1812 58.86 6230 22.70
57 2022 12 15 41182.40 22.422076 1812 58.86 6230 22.70
58 2022 12 15 41182.40 22.822559 1812 58.86 6230 22.70
59 2022 12 15 41183.40 23.223064 1812 58.86 6229 22.69
60 2022 12 15 41183.40 23.623514 1812 58.86 6231 22.71
61 2022 12 15 41184.40 24.023997 1812 58.86 6229 22.69
62 2022 12 15 41184.40 24.424206 1812 58.86 6230 22.70
63 2022 12 15 41184.40 24.824408 1812 58.86 6230 22.70
64 2022 12 15 41185.40 25.224605 1812 58.86 6230 22.70
65 2022 12 15 41185.40 25.624789 1812 58.86 6230 22.70
66 2022 12 15 41186.40 26.024992 1812 58.86 6230 22.70
67 2022 12 15 41186.40 26.425206 1812 58.86 6230 22.70
68 2022 12 15 41186.40 26.825424 1812 58.86 6230 22.70
69 2022 12 15 41187.00 26.825649 1812 58.86 6231 22.71
70 2022 12 15 41187.00 27.225885 1812 58.86 6230 22.70
71 2022 12 15 41188.00 27.626093 1812 58.86 6230 22.70
72 2022 12 15 41188.00 28.026532 1813 58.89 6230 22.70
73 2022 12 15 41188.00 28.426796 1812 58.86 6230 22.70
74 2022 12 15 41189.00 28.827423 1812 58.86 6229 22.69
75 2022 12 15 41189.40 29.227423 1813 58.89 6229 22.69
76 2022 12 15 41189.40 29.628058 1812 58.86 6230 22.70
77 2022 12 15 41190.40 30.028565 1812 58.86 6230 22.70
78 2022 12 15 41190.40 30.428990 1812 58.86 6230 22.70
79 2022 12 15 41190.40 30.829299 1812 58.86 6230 22.70
80 2022 12 15 41191.40 31.229518 1812 58.86 6230 22.70
81 2022 12 15 41191.40 31.630142 1812 58.86 6229 22.69
82 2022 12 15 41192.40 32.030454 1812 58.86 6229 22.69
83 2022 12 15 41192.40 32.430765 1812 58.86 6230 22.70
84 2022 12 15 41192.40 32.831386 1812 58.86 6229 22.69
85 2022 12 15 41193.40 33.231744 1813 58.89 6229 22.69
86 2022 12 15 41193.40 33.631917 1812 58.86 6229 22.69
87 2022 12 15 41194.40 34.032238 1812 58.86 6229 22.69
88 2022 12 15 41194.40 34.432480 1813 58.89 6231 22.71
89 2022 12 15 41194.40 34.832718 1813 58.89 6230 22.70
90 2022 12 15 41195.00 34.833108 1813 58.89 6230 22.70
91 2022 12 15 41195.00 35.233482 1813 58.89 6230 22.70
92 2022 12 15 41196.00 35.633871 1813 58.89 6230 22.70
93 2022 12 15 41196.00 36.034321 1812 58.86 6231 22.71
94 2022 12 15 41196.00 36.434793 1813 58.89 6230 22.70
95 2022 12 15 41197.00 36.835215 1813 58.89 6230 22.70
96 2022 12 15 41197.40 37.235215 1813 58.89 6230 22.70
97 2022 12 15 41197.40 37.635756 1813 58.89 6230 22.70
98 2022 12 15 41198.40 38.036252 1813 58.89 6230 22.70
99 2022 12 15 41198.40 38.436684 1812 58.86 6230 22.70
100 2022 12 15 41198.40 38.836921 1813 58.89 6230 22.70
101 2022 12 15 41199.40 39.237365 1813 58.89 6230 22.70
102 2022 12 15 41199.40 39.637852 1813 58.89 6230 22.70
103 2022 12 15 41200.40 40.038386 1813 58.89 6231 22.71
104 2022 12 15 41200.40 40.438817 1812 58.86 6230 22.70
105 2022 12 15 41200.40 40.839094 1812 58.86 6232 22.72
106 2022 12 15 41201.40 41.239634 1812 58.86 6230 22.70
107 2022 12 15 41201.40 41.639954 1812 58.86 6230 22.70
108 2022 12 15 41202.40 42.040259 1812 58.86 6229 22.69
109 2022 12 15 41202.40 42.440778 1812 58.86 6229 22.69
110 2022 12 15 41202.40 42.840990 1812 58.86 6229 22.69
111 2022 12 15 41203.40 43.241186 1812 58.86 6230 22.70
112 2022 12 15 41203.40 43.641706 1812 58.86 6230 22.70
113 2022 12 15 41204.00 43.642343 1812 58.86 6230 22.70
114 2022 12 15 41204.00 44.042883 1812 58.86 6230 22.70
115 2022 12 15 41204.00 44.443245 1811 58.83 6230 22.70
116 2022 12 15 41205.00 44.843791 1812 58.86 6231 22.71
117 2022 12 15 41205.00 45.243981 1812 58.86 6230 22.70
118 2022 12 15 41206.00 45.644588 1812 58.86 6230 22.70
119 2022 12 15 41206.40 46.044588 1812 58.86 6230 22.70
120 2022 12 15 41206.40 46.444951 1811 58.83 6230 22.70
121 2022 12 15 41206.40 46.845563 1812 58.86 6230 22.70
122 2022 12 15 41207.40 47.245719 1811 58.83 6230 22.70
123 2022 12 15 41207.40 47.646331 1811 58.83 6230 22.70
124 2022 12 15 41208.40 48.046951 1811 58.83 6230 22.70
125 2022 12 15 41208.40 48.447534 1811 58.83 6232 22.72
126 2022 12 15 41208.40 48.847769 1811 58.83 6231 22.71
127 2022 12 15 41209.40 49.248095 1811 58.83 6231 22.71
128 2022 12 15 41209.40 49.648495 1811 58.83 6232 22.72
129 2022 12 15 41210.40 50.048928 1811 58.83 6232 22.72
130 2022 12 15 41210.40 50.449374 1811 58.83 6232 22.72
131 2022 12 15 41210.40 50.849843 1811 58.83 6232 22.72
132 2022 12 15 41211.40 51.250233 1811 58.83 6232 22.72
133 2022 12 15 41211.40 51.650710 1810 58.80 6231 22.71
134 2022 12 15 41212.00 51.651237 1811 58.83 6230 22.70
135 2022 12 15 41212.00 52.051758 1811 58.83 6230 22.70
136 2022 12 15 41212.00 52.452260 1811 58.83 6231 22.71
137 2022 12 15 41213.00 52.852711 1811 58.83 6231 22.71
138 2022 12 15 41213.00 53.253205 1810 58.80 6232 22.72
139 2022 12 15 41214.00 53.653758 1811 58.83 6231 22.71
140 2022 12 15 41214.40 54.053758 1811 58.83 6232 22.72
141 2022 12 15 41214.40 54.454262 1810 58.80 6231 22.71
142 2022 12 15 41214.40 54.854499 1810 58.80 6231 22.71
143 2022 12 15 41215.40 55.254748 1811 58.83 6230 22.70
144 2022 12 15 41215.40 55.654988 1810 58.80 6231 22.71
145 2022 12 15 41216.40 56.055274 1810 58.80 6232 22.72
146 2022 12 15 41216.40 56.455766 1810 58.80 6231 22.71
147 2022 12 15 41216.40 56.856302 1810 58.80 6231 22.71
148 2022 12 15 41217.40 57.256849 1810 58.80 6231 22.71
149 2022 12 15 41217.40 57.657436 1810 58.80 6230 22.70
150 2022 12 15 41218.40 58.057947 1810 58.80 6230 22.70
151 2022 12 15 41218.40 58.458223 1810 58.80 6231 22.71
152 2022 12 15 41218.40 58.858653 1810 58.80 6231 22.71
153 2022 12 15 41219.40 59.259212 1809 58.77 6231 22.71
154 2022 12 15 41219.40 59.659809 1809 58.77 6230 22.70
155 2022 12 15 41220.40 60.060037 1810 58.80 6231 22.71
156 2022 12 15 41220.40 60.460244 1809 58.77 6232 22.72
157 2022 12 15 41220.00 60.460459 1810 58.80 6232 22.72
158 2022 12 15 41221.00 60.860662 1810 58.80 6231 22.71
159 2022 12 15 41221.00 61.260900 1810 58.80 6231 22.71
160 2022 12 15 41222.00 61.661127 1810 58.80 6231 22.71
161 2022 12 15 41222.00 62.061350 1810 58.80 6231 22.71
162 2022 12 15 41222.00 62.461571 1810 58.80 6230 22.70
163 2022 12 15 41222.40 62.861571 1809 58.77 6232 22.72
164 2022 12 15 41223.40 63.261918 1810 58.80 6230 22.70
165 2022 12 15 41223.40 63.662131 1810 58.80 6231 22.71
166 2022 12 15 41224.40 64.062351 1810 58.80 6230 22.70
167 2022 12 15 41224.40 64.462559 1809 58.77 6232 22.72
168 2022 12 15 41224.40 64.862764 1809 58.77 6231 22.71
169 2022 12 15 41225.40 65.262980 1809 58.77 6231 22.71
170 2022 12 15 41225.40 65.663175 1809 58.77 6231 22.71
171 2022 12 15 41226.40 66.063522 1809 58.77 6232 22.72
172 2022 12 15 41226.40 66.463803 1809 58.77 6232 22.72
173 2022 12 15 41226.40 66.864037 1809 58.77 6230 22.70
174 2022 12 15 41227.40 67.264423 1809 58.77 6230 22.70
175 2022 12 15 41227.40 67.664658 1810 58.80 6231 22.71
176 2022 12 15 41228.40 68.065126 1809 58.77 6231 22.71
177 2022 12 15 41228.40 68.465611 1809 58.77 6231 22.71
178 2022 12 15 41228.00 68.465956 1809 58.77 6231 22.71
179 2022 12 15 41229.00 68.866436 1809 58.77 6230 22.70
180 2022 12 15 41229.00 69.266877 1810 58.80 6231 22.71
181 2022 12 15 41230.00 69.667378 1809 58.77 6231 22.71
182 2022 12 15 41230.00 70.067786 1809 58.77 6231 22.71
183 2022 12 15 41230.00 70.468239 1809 58.77 6230 22.70
184 2022 12 15 41230.40 70.868239 1809 58.77 6232 22.72
185 2022 12 15 41231.40 71.268715 1809 58.77 6230 22.70
186 2022 12 15 41231.40 71.668927 1810 58.80 6231 22.71
187 2022 12 15 41232.40 72.069449 1810 58.80 6232 22.72
188 2022 12 15 41232.40 72.469980 1809 58.77 6231 22.71
189 2022 12 15 41232.40 72.870141 1809 58.77 6231 22.71
190 2022 12 15 41233.40 73.270622 1810 58.80 6231 22.71
191 2022 12 15 41233.40 73.671186 1810 58.80 6230 22.70
192 2022 12 15 41234.40 74.071350 1810 58.80 6231 22.71
193 2022 12 15 41234.40 74.471919 1809 58.77 6232 22.72
194 2022 12 15 41234.40 74.872206 1809 58.77 6232 22.72
195 2022 12 15 41235.40 75.272694 1810 58.80 6231 22.71
196 2022 12 15 41235.40 75.673129 1810 58.80 6232 22.72
197 2022 12 15 41236.40 76.073746 1810 58.80 6231 22.71
198 2022 12 15 41236.40 76.473951 1810 58.80 6230 22.70
199 2022 12 15 41236.40 76.874495 1810 58.80 6231 22.71
200 2022 12 15 41237.40 77.274896 1810 58.80 6231 22.71
201 2022 12 15 41237.00 77.275445 1810 58.80 6231 22.71
202 2022 12 15 41238.00 77.676000 1810 58.80 6231 22.71
203 2022 12 15 41238.00 78.076212 1810 58.80 6232 22.72
204 2022 12 15 41238.00 78.476699 1809 58.77 6230 22.70
205 2022 12 15 41239.00 78.877116 1810 58.80 6231 22.71
206 2022 12 15 41239.00 79.277517 1810 58.80 6231 22.71
207 2022 12 15 41239.40 79.677517 1810 58.80 6231 22.71
208 2022 12 15 41240.40 80.078166 1810 58.80 6231 22.71
209 2022 12 15 41240.40 80.478705 1810 58.80 6230 22.70
210 2022 12 15 41240.40 80.878971 1810 58.80 6230 22.70
211 2022 12 15 41241.40 81.279200 1810 58.80 6229 22.69
212 2022 12 15 41241.40 81.679440 1810 58.80 6230 22.70
213 2022 12 15 41242.40 82.079673 1810 58.80 6231 22.71
214 2022 12 15 41242.40 82.480070 1809 58.77 6230 22.70
215 2022 12 15 41242.40 82.880462 1810 58.80 6230 22.70
216 2022 12 15 41243.40 83.280873 1810 58.80 6230 22.70
217 2022 12 15 41243.40 83.681288 1810 58.80 6230 22.70
218 2022 12 15 41244.40 84.081784 1810 58.80 6231 22.71
219 2022 12 15 41244.40 84.482031 1810 58.80 6231 22.71
220 2022 12 15 41244.40 84.882433 1810 58.80 6231 22.71
221 2022 12 15 41245.40 85.282936 1810 58.80 6230 22.70
222 2022 12 15 41245.00 85.283445 1810 58.80 6230 22.70
223 2022 12 15 41246.00 85.683893 1809 58.77 6232 22.72
224 2022 12 15 41246.00 86.084125 1809 58.77 6230 22.70
225 2022 12 15 41246.00 86.484571 1809 58.77 6231 22.71
226 2022 12 15 41247.00 86.884931 1810 58.80 6231 22.71
227 2022 12 15 41247.00 87.285446 1809 58.77 6231 22.71
228 2022 12 15 41247.40 87.685446 1810 58.80 6231 22.71
229 2022 12 15 41248.40 88.086012 1809 58.77 6230 22.70
230 2022 12 15 41248.40 88.486504 1809 58.77 6231 22.71
231 2022 12 15 41248.40 88.886986 1809 58.77 6231 22.71
232 2022 12 15 41249.40 89.287549 1809 58.77 6231 22.71
233 2022 12 15 41249.40 89.688109 1810 58.80 6231 22.71
234 2022 12 15 41250.40 90.088678 1809 58.77 6230 22.70
235 2022 12 15 41250.40 90.489048 1809 58.77 6230 22.70
236 2022 12 15 41250.40 90.889588 1809 58.77 6230 22.70
237 2022 12 15 41251.40 91.290069 1809 58.77 6231 22.71
238 2022 12 15 41251.40 91.690671 1809 58.77 6231 22.71
239 2022 12 15 41252.40 92.091257 1809 58.77 6231 22.71
240 2022 12 15 41252.40 92.491583 1810 58.80 6232 22.72
241 2022 12 15 41252.40 92.892130 1810 58.80 6232 22.72
242 2022 12 15 41253.40 93.292515 1809 58.77 6230 22.70
243 2022 12 15 41253.40 93.693117 1809 58.77 6231 22.71
244 2022 12 15 41254.40 94.093748 1809 58.77 6232 22.72
245 2022 12 15 41254.00 94.094289 1809 58.77 6231 22.71
246 2022 12 15 41254.00 94.494529 1809 58.77 6231 22.71
247 2022 12 15 41255.00 94.894834 1810 58.80 6231 22.71
248 2022 12 15 41255.00 95.295059 1810 58.80 6230 22.70
249 2022 12 15 41256.00 95.695436 1810 58.80 6230 22.70
250 2022 12 15 41256.40 96.095436 1810 58.80 6231 22.71
251 2022 12 15 41256.40 96.495898 1810 58.80 6229 22.69
252 2022 12 15 41256.40 96.896142 1810 58.80 6232 22.72
253 2022 12 15 41257.40 97.296554 1809 58.77 6230 22.70
254 2022 12 15 41257.40 97.696990 1810 58.80 6232 22.72
255 2022 12 15 41258.40 98.097474 1810 58.80 6231 22.71
256 2022 12 15 41258.40 98.497713 1810 58.80 6232 22.72
257 2022 12 15 41258.40 98.898184 1809 58.77 6230 22.70
258 2022 12 15 41259.40 99.298687 1810 58.80 6231 22.71
259 2022 12 15 41259.40 99.698871 1810 58.80 6231 22.71
260 2022 12 15 41260.40 100.099039 1810 58.80 6231 22.71
261 2022 12 15 41260.40 100.499222 1810 58.80 6230 22.70
262 2022 12 15 41260.40 100.899412 1810 58.80 6230 22.70
263 2022 12 15 41261.40 101.299590 1810 58.80 6231 22.71
264 2022 12 15 41261.40 101.699800 1810 58.80 6230 22.70
265 2022 12 15 41262.40 102.100028 1810 58.80 6230 22.70
266 2022 12 15 41262.00 102.100255 1810 58.80 6230 22.70
267 2022 12 15 41262.00 102.500472 1810 58.80 6229 22.69
268 2022 12 15 41263.00 102.900691 1810 58.80 6229 22.69
269 2022 12 15 41263.00 103.300958 1810 58.80 6231 22.71
270 2022 12 15 41264.00 103.701166 1810 58.80 6230 22.70
271 2022 12 15 41264.00 104.101563 1810 58.80 6230 22.70
272 2022 12 15 41264.40 104.501563 1810 58.80 6230 22.70
273 2022 12 15 41264.40 104.902184 1810 58.80 6231 22.71
274 2022 12 15 41265.40 105.302769 1810 58.80 6231 22.71
275 2022 12 15 41265.40 105.703355 1810 58.80 6231 22.71
276 2022 12 15 41266.40 106.103959 1810 58.80 6231 22.71
277 2022 12 15 41266.40 106.504257 1810 58.80 6230 22.70
278 2022 12 15 41266.40 106.904512 1810 58.80 6230 22.70
279 2022 12 15 41267.40 107.305118 1810 58.80 6230 22.70
280 2022 12 15 41267.40 107.705750 1810 58.80 6230 22.70
281 2022 12 15 41268.40 108.106219 1810 58.80 6231 22.71
282 2022 12 15 41268.40 108.506749 1810 58.80 6231 22.71
283 2022 12 15 41268.40 108.907199 1810 58.80 6231 22.71
284 2022 12 15 41269.40 109.307774 1810 58.80 6232 22.72
285 2022 12 15 41269.40 109.708333 1810 58.80 6230 22.70
286 2022 12 15 41270.40 110.108815 1810 58.80 6232 22.72
287 2022 12 15 41270.40 110.509369 1809 58.77 6230 22.70
288 2022 12 15 41270.40 110.909990 1809 58.77 6230 22.70
289 2022 12 15 41271.00 110.910229 1809 58.77 6231 22.71
290 2022 12 15 41271.00 111.310479 1809 58.77 6231 22.71
291 2022 12 15 41272.00 111.710688 1810 58.80 6231 22.71
292 2022 12 15 41272.00 112.111077 1810 58.80 6232 22.72
293 2022 12 15 41272.00 112.511314 1809 58.77 6231 22.71
294 2022 12 15 41272.40 112.911314 1809 58.77 6231 22.71
295 2022 12 15 41273.40 113.311783 1809 58.77 6232 22.72
296 2022 12 15 41273.40 113.712222 1810 58.80 6232 22.72
297 2022 12 15 41274.40 114.112654 1809 58.77 6231 22.71
298 2022 12 15 41274.40 114.513158 1810 58.80 6230 22.70
299 2022 12 15 41274.40 114.913608 1809 58.77 6230 22.70
300 2022 12 15 41275.40 115.314061 1809 58.77 6232 22.72
301 2022 12 15 41275.40 115.714582 1809 58.77 6231 22.71
302 2022 12 15 41276.40 116.115105 1809 58.77 6231 22.71
303 2022 12 15 41276.40 116.515571 1809 58.77 6231 22.71
304 2022 12 15 41276.40 116.916043 1810 58.80 6231 22.71
305 2022 12 15 41277.40 117.316581 1809 58.77 6230 22.70
306 2022 12 15 41277.40 117.717119 1809 58.77 6231 22.71
307 2022 12 15 41278.40 118.117680 1809 58.77 6230 22.70
308 2022 12 15 41278.40 118.518281 1809 58.77 6231 22.71
309 2022 12 15 41278.40 118.918747 1809 58.77 6231 22.71
310 2022 12 15 41279.00 118.918945 1809 58.77 6231 22.71
311 2022 12 15 41279.00 119.319330 1809 58.77 6230 22.70
312 2022 12 15 41280.00 119.719558 1809 58.77 6232 22.72
313 2022 12 15 41280.00 120.119766 1809 58.77 6232 22.72
314 2022 12 15 41280.00 120.519972 1809 58.77 6232 22.72
315 2022 12 15 41281.00 120.920178 1809 58.77 6232 22.72
316 2022 12 15 41281.40 121.320178 1809 58.77 6232 22.72
317 2022 12 15 41281.40 121.720356 1810 58.80 6232 22.72
318 2022 12 15 41282.40 122.120583 1809 58.77 6232 22.72
319 2022 12 15 41282.40 122.520806 1809 58.77 6232 22.72
320 2022 12 15 41282.40 122.921001 1809 58.77 6232 22.72
321 2022 12 15 41283.40 123.321226 1809 58.77 6232 22.72
322 2022 12 15 41283.40 123.721444 1809 58.77 6232 22.72
323 2022 12 15 41284.40 124.121651 1809 58.77 6232 22.72
324 2022 12 15 41284.40 124.521906 1809 58.77 6233 22.73
325 2022 12 15 41284.40 124.922114 1809 58.77 6231 22.71
326 2022 12 15 41285.40 125.322294 1809 58.77 6232 22.72
327 2022 12 15 41285.40 125.722878 1809 58.77 6232 22.72
328 2022 12 15 41286.40 126.123527 1809 58.77 6232 22.72
329 2022 12 15 41286.40 126.524122 1809 58.77 6233 22.73
330 2022 12 15 41286.40 126.924567 1809 58.77 6232 22.72
331 2022 12 15 41287.40 127.325240 1809 58.77 6232 22.72
332 2022 12 15 41287.00 127.325524 1809 58.77 6232 22.72
333 2022 12 15 41288.00 127.725891 1809 58.77 6232 22.72
334 2022 12 15 41288.00 128.126295 1809 58.77 6232 22.72
335 2022 12 15 41288.00 128.526522 1809 58.77 6233 22.73
336 2022 12 15 41289.00 128.926778 1809 58.77 6234 22.74
337 2022 12 15 41289.00 129.327151 1809 58.77 6232 22.72
338 2022 12 15 41289.40 129.727151 1809 58.77 6233 22.73
339 2022 12 15 41290.40 130.127582 1809 58.77 6233 22.73
340 2022 12 15 41290.40 130.527932 1809 58.77 6232 22.72
341 2022 12 15 41290.40 130.928351 1809 58.77 6233 22.73
342 2022 12 15 41291.40 131.328828 1809 58.77 6234 22.74
343 2022 12 15 41291.40 131.729036 1808 58.74 6233 22.73
344 2022 12 15 41292.40 132.129276 1809 58.77 6232 22.72
345 2022 12 15 41292.40 132.529765 1809 58.77 6232 22.72
346 2022 12 15 41292.40 132.930273 1808 58.74 6232 22.72
347 2022 12 15 41293.40 133.330788 1808 58.74 6232 22.72
348 2022 12 15 41293.40 133.731180 1808 58.74 6232 22.72
349 2022 12 15 41294.40 134.131763 1808 58.74 6233 22.73
350 2022 12 15 41294.40 134.532343 1808 58.74 6232 22.72
351 2022 12 15 41294.40 134.932767 1809 58.77 6233 22.73
352 2022 12 15 41295.40 135.333184 1808 58.74 6232 22.72
353 2022 12 15 41295.40 135.733493 1809 58.77 6233 22.73
354 2022 12 15 41296.00 135.733757 1808 58.74 6232 22.72
355 2022 12 15 41296.00 136.133971 1809 58.77 6233 22.73
356 2022 12 15 41296.00 136.534543 1808 58.74 6233 22.73
357 2022 12 15 41297.00 136.934881 1809 58.77 6233 22.73
358 2022 12 15 41297.00 137.335519 1808 58.74 6232 22.72
359 2022 12 15 41298.00 137.736108 1808 58.74 6232 22.72
360 2022 12 15 41298.40 138.136108 1808 58.74 6233 22.73
361 2022 12 15 41298.40 138.536549 1808 58.74 6233 22.73
362 2022 12 15 41298.40 138.936785 1808 58.74 6233 22.73
363 2022 12 15 41299.40 139.337006 1808 58.74 6233 22.73
364 2022 12 15 41299.40 139.737529 1808 58.74 6232 22.72
365 2022 12 15 41300.40 140.137765 1808 58.74 6233 22.73
366 2022 12 15 41300.40 140.538252 1808 58.74 6233 22.73
367 2022 12 15 41300.40 140.938846 1808 58.74 6233 22.73
368 2022 12 15 41301.40 141.339187 1809 58.77 6233 22.73
369 2022 12 15 41301.40 141.739858 1808 58.74 6232 22.72
370 2022 12 15 41302.40 142.140374 1809 58.77 6234 22.74
371 2022 12 15 41302.40 142.540964 1808 58.74 6232 22.72
372 2022 12 15 41302.40 142.941133 1808 58.74 6232 22.72
373 2022 12 15 41303.40 143.341458 1808 58.74 6234 22.74
374 2022 12 15 41303.40 143.741700 1809 58.77 6233 22.73
375 2022 12 15 41304.40 144.142144 1808 58.74 6233 22.73
376 2022 12 15 41304.00 144.142585 1808 58.74 6232 22.72
377 2022 12 15 41304.00 144.542979 1809 58.77 6232 22.72
378 2022 12 15 41305.00 144.943262 1808 58.74 6232 22.72
379 2022 12 15 41305.00 145.343748 1808 58.74 6232 22.72
380 2022 12 15 41306.00 145.744241 1809 58.77 6232 22.72
381 2022 12 15 41306.00 146.144717 1809 58.77 6233 22.73
382 2022 12 15 41306.40 146.544717 1808 58.74 6232 22.72
383 2022 12 15 41306.40 146.945275 1809 58.77 6233 22.73
384 2022 12 15 41307.40 147.345433 1808 58.74 6233 22.73
385 2022 12 15 41307.40 147.745913 1809 58.77 6232 22.72
386 2022 12 15 41308.40 148.146425 1808 58.74 6233 22.73
387 2022 12 15 41308.40 148.546663 1809 58.77 6233 22.73
388 2022 12 15 41308.40 148.947197 1809 58.77 6233 22.73
389 2022 12 15 41309.40 149.347490 1809 58.77 6233 22.73
390 2022 12 15 41309.40 149.747745 1809 58.77 6234 22.74
391 2022 12 15 41310.40 150.148254 1809 58.77 6234 22.74
392 2022 12 15 41310.40 150.548833 1809 58.77 6234 22.74
393 2022 12 15 41310.40 150.949126 1808 58.74 6234 22.74
394 2022 12 15 41311.40 151.349398 1809 58.77 6234 22.74
395 2022 12 15 41311.40 151.749858 1808 58.74 6234 22.74
396 2022 12 15 41312.40 152.150360 1809 58.77 6234 22.74
397 2022 12 15 41312.40 152.550865 1809 58.77 6234 22.74
398 2022 12 15 41312.00 152.551522 1809 58.77 6234 22.74
399 2022 12 15 41313.00 152.952093 1809 58.77 6232 22.72
400 2022 12 15 41313.00 153.352382 1809 58.77 6232 22.72
401 2022 12 15 41314.00 153.752819 1809 58.77 6234 22.74
402 2022 12 15 41314.00 154.153497 1809 58.77 6232 22.72
403 2022 12 15 41314.00 154.553791 1809 58.77 6232 22.72
404 2022 12 15 41314.40 154.953791 1809 58.77 6232 22.72
405 2022 12 15 41315.40 155.354156 1809 58.77 6232 22.72
406 2022 12 15 41315.40 155.754764 1809 58.77 6232 22.72
407 2022 12 15 41316.40 156.155070 1809 58.77 6233 22.73
408 2022 12 15 41316.40 156.555371 1809 58.77 6233 22.73
409 2022 12 15 41316.40 156.956069 1809 58.77 6233 22.73
410 2022 12 15 41317.40 157.356484 1809 58.77 6232 22.72
411 2022 12 15 41317.40 157.756787 1809 58.77 6233 22.73
412 2022 12 15 41318.40 158.157127 1808 58.74 6232 22.72
413 2022 12 15 41318.40 158.557505 1809 58.77 6232 22.72
414 2022 12 15 41318.40 158.958008 1809 58.77 6232 22.72
415 2022 12 15 41319.40 159.358447 1809 58.77 6232 22.72
416 2022 12 15 41319.40 159.758874 1809 58.77 6231 22.71
417 2022 12 15 41320.40 160.159395 1809 58.77 6232 22.72
418 2022 12 15 41320.40 160.559677 1809 58.77 6232 22.72
419 2022 12 15 41320.40 160.960236 1809 58.77 6232 22.72
420 2022 12 15 41321.00 160.960692 1809 58.77 6232 22.72
421 2022 12 15 41321.00 161.361241 1809 58.77 6232 22.72
422 2022 12 15 41322.00 161.761819 1809 58.77 6231 22.71
423 2022 12 15 41322.00 162.162102 1809 58.77 6232 22.72
424 2022 12 15 41322.00 162.562638 1809 58.77 6231 22.71
425 2022 12 15 41323.00 162.963251 1809 58.77 6233 22.73
426 2022 12 15 41323.40 163.363251 1808 58.74 6232 22.72
427 2022 12 15 41323.40 163.763616 1809 58.77 6231 22.71
428 2022 12 15 41324.40 164.164272 1809 58.77 6232 22.72
429 2022 12 15 41324.40 164.564831 1809 58.77 6232 22.72
430 2022 12 15 41324.40 164.965397 1809 58.77 6231 22.71
431 2022 12 15 41325.40 165.365825 1809 58.77 6232 22.72
432 2022 12 15 41325.40 165.766346 1809 58.77 6232 22.72
433 2022 12 15 41326.40 166.166555 1809 58.77 6230 22.70
434 2022 12 15 41326.40 166.566946 1809 58.77 6231 22.71
435 2022 12 15 41326.40 166.967532 1809 58.77 6232 22.72
436 2022 12 15 41327.40 167.368199 1809 58.77 6232 22.72
437 2022 12 15 41327.40 167.768692 1809 58.77 6232 22.72
438 2022 12 15 41328.40 168.169339 1810 58.80 6231 22.71
439 2022 12 15 41328.40 168.569855 1810 58.80 6231 22.71
440 2022 12 15 41328.40 168.970523 1810 58.80 6233 22.73
441 2022 12 15 41329.40 169.371039 1810 58.80 6231 22.71
442 2022 12 15 41329.00 169.371499 1810 58.80 6232 22.72
443 2022 12 15 41330.00 169.771921 1810 58.80 6232 22.72
444 2022 12 15 41330.00 170.172136 1810 58.80 6232 22.72
445 2022 12 15 41330.00 170.572411 1810 58.80 6232 22.72
446 2022 12 15 41331.00 170.972717 1810 58.80 6232 22.72
447 2022 12 15 41331.40 171.372717 1810 58.80 6231 22.71
448 2022 12 15 41331.40 171.773127 1810 58.80 6232 22.72
449 2022 12 15 41332.40 172.173629 1810 58.80 6232 22.72
450 2022 12 15 41332.40 172.574211 1810 58.80 6231 22.71
451 2022 12 15 41332.40 172.974546 1811 58.83 6231 22.71
452 2022 12 15 41333.40 173.375108 1810 58.80 6231 22.71
453 2022 12 15 41333.40 173.775607 1810 58.80 6231 22.71
454 2022 12 15 41334.40 174.175913 1811 58.83 6231 22.71
455 2022 12 15 41334.40 174.576495 1810 58.80 6230 22.70
456 2022 12 15 41334.40 174.977081 1810 58.80 6230 22.70
457 2022 12 15 41335.40 175.377325 1810 58.80 6231 22.71
458 2022 12 15 41335.40 175.777564 1811 58.83 6230 22.70
459 2022 12 15 41336.40 176.177818 1810 58.80 6231 22.71
460 2022 12 15 41336.40 176.578027 1811 58.83 6231 22.71
461 2022 12 15 41336.40 176.978308 1810 58.80 6231 22.71
462 2022 12 15 41337.40 177.378610 1810 58.80 6231 22.71
463 2022 12 15 41337.40 177.778831 1811 58.83 6231 22.71
464 2022 12 15 41338.00 177.778992 1810 58.80 6232 22.72
465 2022 12 15 41338.00 178.179287 1810 58.80 6231 22.71
466 2022 12 15 41338.00 178.579566 1811 58.83 6230 22.70
467 2022 12 15 41339.00 178.979847 1810 58.80 6230 22.70
468 2022 12 15 41339.00 179.380166 1811 58.83 6230 22.70
469 2022 12 15 41340.00 179.780463 1811 58.83 6232 22.72
470 2022 12 15 41340.40 180.180463 1811 58.83 6230 22.70
471 2022 12 15 41340.40 180.580720 1810 58.80 6231 22.71
472 2022 12 15 41340.40 180.981064 1811 58.83 6232 22.72
473 2022 12 15 41341.40 181.381377 1811 58.83 6230 22.70
474 2022 12 15 41341.40 181.781696 1810 58.80 6231 22.71
475 2022 12 15 41342.40 182.181964 1811 58.83 6231 22.71
476 2022 12 15 41342.40 182.582184 1811 58.83 6230 22.70
477 2022 12 15 41343.40 182.982411 1811 58.83 6230 22.70
478 2022 12 15 41343.40 183.382638 1811 58.83 6230 22.70
479 2022 12 15 41343.40 183.782893 1811 58.83 6230 22.70
480 2022 12 15 41344.40 184.183116 1811 58.83 6231 22.71
481 2022 12 15 41344.40 184.583695 1811 58.83 6230 22.70
482 2022 12 15 41345.40 184.984391 1811 58.83 6231 22.71
483 2022 12 15 41345.40 185.384856 1810 58.80 6230 22.70
484 2022 12 15 41345.40 185.785487 1810 58.80 6230 22.70
485 2022 12 15 41346.40 186.185936 1811 58.83 6230 22.70
486 2022 12 15 41346.00 186.186443 1811 58.83 6230 22.70
487 2022 12 15 41347.00 186.587021 1811 58.83 6230 22.70
488 2022 12 15 41347.00 186.987496 1811 58.83 6231 22.71
489 2022 12 15 41347.00 187.388070 1811 58.83 6230 22.70
490 2022 12 15 41348.00 187.788303 1811 58.83 6230 22.70
491 2022 12 15 41348.40 188.188303 1811 58.83 6230 22.70
492 2022 12 15 41348.40 188.588582 1811 58.83 6230 22.70
493 2022 12 15 41349.40 188.988973 1811 58.83 6229 22.69
494 2022 12 15 41349.40 189.389396 1811 58.83 6230 22.70
495 2022 12 15 41349.40 189.789840 1811 58.83 6230 22.70
496 2022 12 15 41350.40 190.190242 1811 58.83 6230 22.70
497 2022 12 15 41350.40 190.590717 1811 58.83 6230 22.70
498 2022 12 15 41351.40 190.991160 1811 58.83 6231 22.71
499 2022 12 15 41351.40 191.391540 1811 58.83 6230 22.70
500 2022 12 15 41351.40 191.791967 1811 58.83 6230 22.70
501 2022 12 15 41352.40 192.192414 1811 58.83 6230 22.70
502 2022 12 15 41352.40 192.592864 1811 58.83 6230 22.70
503 2022 12 15 41353.40 192.993319 1811 58.83 6230 22.70
504 2022 12 15 41353.40 193.393780 1811 58.83 6230 22.70
505 2022 12 15 41353.40 193.794125 1811 58.83 6230 22.70
506 2022 12 15 41354.40 194.194601 1811 58.83 6229 22.69
507 2022 12 15 41354.40 194.595129 1811 58.83 6230 22.70
508 2022 12 15 41355.00 194.595461 1811 58.83 6230 22.70
509 2022 12 15 41355.00 194.995690 1811 58.83 6229 22.69
510 2022 12 15 41355.00 195.396252 1812 58.86 6230 22.70
511 2022 12 15 41356.00 195.796820 1811 58.83 6230 22.70
512 2022 12 15 41356.00 196.197216 1811 58.83 6230 22.70
513 2022 12 15 41357.00 196.597768 1811 58.83 6230 22.70
514 2022 12 15 41357.40 196.997768 1812 58.86 6229 22.69
515 2022 12 15 41357.40 197.398451 1811 58.83 6228 22.68
516 2022 12 15 41357.40 197.799047 1811 58.82 6230 22.70
517 2022 12 15 41358.40 198.199561 1811 58.83 6230 22.70
518 2022 12 15 41358.40 198.599711 1812 58.86 6230 22.70
519 2022 12 15 41359.40 199.000267 1811 58.83 6231 22.71
520 2022 12 15 41359.40 199.400882 1811 58.83 6230 22.70
521 2022 12 15 41359.40 199.801045 1811 58.83 6230 22.70
522 2022 12 15 41360.40 200.201652 1812 58.86 6230 22.70
523 2022 12 15 41360.40 200.602185 1811 58.83 6230 22.70
524 2022 12 15 41361.40 201.002400 1812 58.86 6230 22.70
525 2022 12 15 41361.40 201.403005 1812 58.86 6229 22.69
526 2022 12 15 41361.40 201.803649 1811 58.83 6230 22.70
527 2022 12 15 41362.40 202.203869 1811 58.83 6230 22.70
528 2022 12 15 41362.40 202.604104 1811 58.83 6229 22.69
529 2022 12 15 41363.00 202.604352 1812 58.86 6229 22.69
530 2022 12 15 41363.00 203.004594 1811 58.83 6230 22.70
531 2022 12 15 41363.00 203.404960 1811 58.83 6230 22.70
532 2022 12 15 41364.00 203.805343 1811 58.83 6230 22.70
533 2022 12 15 41364.00 204.205767 1812 58.86 6230 22.70
534 2022 12 15 41365.00 204.606177 1812 58.86 6230 22.70
535 2022 12 15 41365.40 205.006177 1811 58.83 6230 22.70
536 2022 12 15 41365.40 205.406423 1811 58.83 6230 22.70
537 2022 12 15 41365.40 205.806905 1811 58.83 6231 22.71
538 2022 12 15 41366.40 206.207331 1812 58.86 6230 22.70
539 2022 12 15 41366.40 206.607760 1812 58.86 6230 22.70
540 2022 12 15 41367.40 207.007971 1812 58.86 6230 22.70
541 2022 12 15 41367.40 207.408324 1812 58.86 6231 22.71
542 2022 12 15 41367.40 207.808552 1812 58.86 6231 22.71
543 2022 12 15 41368.40 208.209005 1812 58.86 6230 22.70
544 2022 12 15 41368.40 208.609519 1812 58.86 6231 22.71
545 2022 12 15 41369.40 209.009966 1812 58.86 6230 22.70
546 2022 12 15 41369.40 209.410579 1812 58.86 6231 22.71
547 2022 12 15 41369.40 209.810847 1812 58.86 6231 22.71
548 2022 12 15 41370.40 210.211129 1812 58.86 6231 22.71
549 2022 12 15 41370.40 210.611773 1812 58.86 6231 22.71
550 2022 12 15 41371.40 211.012430 1812 58.86 6230 22.70
551 2022 12 15 41371.40 211.413084 1812 58.86 6231 22.71
552 2022 12 15 41371.00 211.413580 1812 58.86 6230 22.70
553 2022 12 15 41372.00 211.814179 1812 58.86 6231 22.71
554 2022 12 15 41372.00 212.214700 1812 58.86 6231 22.71
555 2022 12 15 41373.00 212.615239 1812 58.86 6230 22.70
556 2022 12 15 41373.00 213.015542 1812 58.86 6230 22.70
557 2022 12 15 41373.00 213.415781 1812 58.86 6230 22.70
558 2022 12 15 41373.40 213.815781 1812 58.86 6229 22.69
559 2022 12 15 41374.40 214.216427 1812 58.86 6230 22.70
560 2022 12 15 41374.40 214.616901 1812 58.86 6230 22.70
561 2022 12 15 41375.40 215.017581 1812 58.86 6230 22.70
562 2022 12 15 41375.40 215.417840 1812 58.86 6230 22.70
563 2022 12 15 41375.40 215.818198 1812 58.86 6231 22.71
564 2022 12 15 41376.40 216.218902 1812 58.86 6230 22.70
565 2022 12 15 41376.40 216.619190 1812 58.86 6230 22.70
566 2022 12 15 41377.40 217.019487 1812 58.86 6230 22.70
567 2022 12 15 41377.40 217.419798 1812 58.86 6230 22.70
568 2022 12 15 41377.40 217.820274 1812 58.86 6230 22.70
569 2022 12 15 41378.40 218.220567 1812 58.86 6230 22.70
570 2022 12 15 41378.40 218.620995 1811 58.83 6231 22.71
571 2022 12 15 41379.40 219.021522 1812 58.86 6230 22.70
572 2022 12 15 41379.40 219.421989 1812 58.86 6231 22.71
573 2022 12 15 41379.00 219.422568 1812 58.86 6230 22.70
574 2022 12 15 41380.00 219.822998 1811 58.83 6231 22.71
575 2022 12 15 41380.00 220.223495 1811 58.83 6231 22.71
576 2022 12 15 41381.00 220.623964 1812 58.86 6232 22.72
577 2022 12 15 41381.00 221.024522 1811 58.83 6230 22.70
578 2022 12 15 41381.00 221.425037 1811 58.83 6231 22.71
579 2022 12 15 41381.40 221.825037 1812 58.86 6230 22.70
580 2022 12 15 41382.40 222.225631 1811 58.83 6231 22.71
581 2022 12 15 41382.40 222.626062 1811 58.83 6231 22.71
582 2022 12 15 41383.40 223.026746 1811 58.83 6230 22.70
583 2022 12 15 41383.40 223.427277 1812 58.86 6230 22.70
584 2022 12 15 41383.40 223.827854 1812 58.86 6230 22.70
585 2022 12 15 41384.40 224.228437 1811 58.83 6230 22.70
586 2022 12 15 41384.40 224.629089 1811 58.83 6232 22.72
587 2022 12 15 41385.40 225.029757 1811 58.83 6230 22.70
588 2022 12 15 41385.40 225.430117 1811 58.83 6230 22.70
589 2022 12 15 41385.40 225.830309 1811 58.83 6231 22.71
590 2022 12 15 41386.40 226.230964 1811 58.83 6231 22.71
591 2022 12 15 41386.40 226.631590 1811 58.83 6230 22.70
592 2022 12 15 41387.40 227.031877 1811 58.83 6230 22.70
593 2022 12 15 41387.40 227.432397 1811 58.83 6231 22.71
594 2022 12 15 41387.40 227.833083 1811 58.83 6231 22.71
595 2022 12 15 41388.40 228.233320 1811 58.83 6231 22.71
596 2022 12 15 41388.00 228.233989 1811 58.83 6232 22.72
597 2022 12 15 41389.00 228.634648 1811 58.83 6231 22.71
598 2022 12 15 41389.00 229.034914 1811 58.83 6230 22.70
599 2022 12 15 41389.00 229.435078 1811 58.83 6232 22.72
600 2022 12 15 41390.00 229.835369 1810 58.80 6231 22.71
601 2022 12 15 41390.40 230.235369 1811 58.83 6232 22.72
602 2022 12 15 41390.40 230.635776 1810 58.80 6232 22.72
603 2022 12 15 41391.40 231.036274 1810 58.80 6232 22.72
604 2022 12 15 41391.40 231.436586 1810 58.80 6231 22.71
605 2022 12 15 41391.40 231.837040 1810 58.80 6232 22.72
606 2022 12 15 41392.40 232.237528 1810 58.80 6231 22.71
607 2022 12 15 41392.40 232.638050 1810 58.80 6231 22.71
608 2022 12 15 41393.40 233.038611 1810 58.80 6231 22.71
609 2022 12 15 41393.40 233.439228 1809 58.77 6232 22.72
610 2022 12 15 41393.40 233.839716 1810 58.80 6232 22.72
611 2022 12 15 41394.40 234.240299 1810 58.80 6232 22.72
612 2022 12 15 41394.40 234.640832 1810 58.80 6231 22.71
613 2022 12 15 41395.40 235.041433 1810 58.80 6232 22.72
614 2022 12 15 41395.40 235.442024 1810 58.80 6232 22.72
615 2022 12 15 41395.40 235.842566 1810 58.80 6232 22.72
616 2022 12 15 41396.40 236.242844 1810 58.80 6232 22.72
617 2022 12 15 41396.00 236.243332 1810 58.80 6232 22.72
618 2022 12 15 41397.00 236.643888 1809 58.77 6233 22.73
619 2022 12 15 41397.00 237.044189 1810 58.80 6233 22.73
620 2022 12 15 41397.00 237.444422 1810 58.80 6233 22.73
621 2022 12 15 41398.00 237.845014 1809 58.77 6232 22.72
622 2022 12 15 41398.00 238.245553 1810 58.80 6231 22.71
623 2022 12 15 41398.40 238.645553 1809 58.77 6232 22.72
624 2022 12 15 41399.40 239.045938 1809 58.77 6232 22.72
625 2022 12 15 41399.40 239.446549 1809 58.77 6232 22.72
626 2022 12 15 41399.40 239.847076 1809 58.77 6232 22.72
627 2022 12 15 41400.40 240.247348 1809 58.77 6233 22.73
628 2022 12 15 41400.40 240.647599 1808 58.74 6232 22.72
629 2022 12 15 41401.40 241.047848 1809 58.77 6233 22.73
630 2022 12 15 41401.40 241.448112 1809 58.77 6232 22.72
631 2022 12 15 41401.40 241.848417 1810 58.80 6232 22.72
632 2022 12 15 41402.40 242.249366 1809 58.77 6232 22.72
633 2022 12 15 41402.40 242.649589 1809 58.77 6232 22.72
634 2022 12 15 41403.40 243.049817 1809 58.77 6233 22.73
635 2022 12 15 41403.40 243.450526 1808 58.74 6232 22.72
636 2022 12 15 41403.40 243.850763 1809 58.77 6234 22.74
637 2022 12 15 41404.40 244.250981 1809 58.77 6233 22.73
638 2022 12 15 41404.40 244.651248 1809 58.77 6233 22.73
639 2022 12 15 41405.00 244.651477 1809 58.77 6233 22.73
640 2022 12 15 41405.00 245.051921 1808 58.74 6234 22.74
641 2022 12 15 41405.00 245.452175 1809 58.77 6233 22.73
642 2022 12 15 41406.00 245.852594 1809 58.77 6234 22.74
643 2022 12 15 41406.00 246.253026 1809 58.77 6232 22.72
644 2022 12 15 41407.00 246.653454 1808 58.74 6232 22.72
645 2022 12 15 41407.40 247.053454 1809 58.77 6232 22.72
646 2022 12 15 41407.40 247.453918 1809 58.77 6234 22.74
647 2022 12 15 41407.40 247.854413 1809 58.77 6233 22.73
648 2022 12 15 41408.40 248.254865 1809 58.77 6233 22.73
649 2022 12 15 41408.40 248.655335 1809 58.77 6233 22.73
650 2022 12 15 41409.40 249.055840 1809 58.77 6233 22.73
651 2022 12 15 41409.40 249.456211 1809 58.77 6233 22.73
652 2022 12 15 41409.40 249.856529 1809 58.77 6233 22.73
653 2022 12 15 41410.40 250.256732 1809 58.77 6233 22.73
654 2022 12 15 41410.40 250.656982 1809 58.77 6232 22.72
655 2022 12 15 41411.40 251.057186 1809 58.77 6232 22.72
656 2022 12 15 41411.40 251.457390 1810 58.80 6233 22.73
657 2022 12 15 41411.40 251.857604 1809 58.77 6232 22.72
658 2022 12 15 41412.40 252.257820 1809 58.77 6232 22.72
659 2022 12 15 41412.40 252.657980 1809 58.77 6232 22.72
660 2022 12 15 41413.40 253.058272 1810 58.80 6231 22.71
661 2022 12 15 41413.00 253.058583 1810 58.80 6232 22.72
662 2022 12 15 41413.00 253.458803 1809 58.77 6232 22.72
663 2022 12 15 41414.00 253.859020 1810 58.80 6233 22.73
664 2022 12 15 41414.00 254.259597 1810 58.80 6232 22.72
665 2022 12 15 41415.00 254.660161 1810 58.80 6232 22.72
666 2022 12 15 41415.00 255.060618 1810 58.80 6233 22.73
667 2022 12 15 41415.40 255.460618 1810 58.80 6233 22.73
668 2022 12 15 41415.40 255.860951 1810 58.80 6232 22.72
669 2022 12 15 41416.40 256.261130 1810 58.80 6233 22.73
670 2022 12 15 41416.40 256.661766 1810 58.80 6233 22.73
671 2022 12 15 41417.40 257.062365 1810 58.80 6231 22.71
672 2022 12 15 41417.40 257.462963 1810 58.80 6232 22.72
673 2022 12 15 41417.40 257.863209 1810 58.80 6231 22.71
674 2022 12 15 41418.40 258.263457 1810 58.80 6232 22.72
675 2022 12 15 41418.40 258.664018 1810 58.80 6233 22.73
676 2022 12 15 41419.40 259.064633 1810 58.80 6232 22.72
677 2022 12 15 41419.40 259.465251 1810 58.80 6233 22.73
678 2022 12 15 41419.40 259.865648 1810 58.80 6231 22.71
679 2022 12 15 41420.40 260.265867 1810 58.80 6232 22.72
680 2022 12 15 41420.40 260.666119 1810 58.80 6230 22.70
681 2022 12 15 41421.40 261.066295 1810 58.80 6232 22.72
682 2022 12 15 41421.40 261.466614 1810 58.80 6232 22.72
683 2022 12 15 41421.00 261.466827 1810 58.80 6232 22.72
684 2022 12 15 41422.00 261.867071 1810 58.80 6232 22.72
685 2022 12 15 41422.00 262.267321 1810 58.80 6232 22.72
686 2022 12 15 41423.00 262.667703 1810 58.80 6232 22.72
687 2022 12 15 41423.00 263.068203 1810 58.80 6232 22.72
688 2022 12 15 41423.00 263.468611 1810 58.80 6232 22.72
689 2022 12 15 41423.40 263.868611 1810 58.80 6231 22.71
690 2022 12 15 41424.40 264.269115 1810 58.80 6232 22.72
691 2022 12 15 41424.40 264.669605 1810 58.80 6232 22.72
692 2022 12 15 41425.40 265.070091 1810 58.80 6232 22.72
693 2022 12 15 41425.40 265.470470 1809 58.77 6232 22.72
694 2022 12 15 41425.40 265.870926 1810 58.80 6232 22.72
695 2022 12 15 41426.40 266.271374 1810 58.80 6232 22.72
696 2022 12 15 41426.40 266.671830 1810 58.80 6231 22.71
697 2022 12 15 41427.40 267.072289 1810 58.80 6232 22.72
698 2022 12 15 41427.40 267.472816 1810 58.80 6231 22.71
699 2022 12 15 41427.40 267.873283 1810 58.80 6232 22.72
700 2022 12 15 41428.40 268.273825 1809 58.77 6231 22.71
701 2022 12 15 41428.40 268.674107 1810 58.80 6231 22.71
702 2022 12 15 41429.40 269.074600 1810 58.80 6232 22.72
703 2022 12 15 41429.40 269.474816 1809 58.77 6232 22.72
704 2022 12 15 41429.40 269.875285 1810 58.80 6232 22.72
705 2022 12 15 41430.00 269.875870 1810 58.80 6232 22.72
706 2022 12 15 41430.00 270.276399 1809 58.77 6232 22.72
707 2022 12 15 41431.00 270.676634 1809 58.77 6232 22.72
708 2022 12 15 41431.00 271.077091 1809 58.77 6233 22.73
709 2022 12 15 41431.00 271.477631 1809 58.77 6233 22.73
710 2022 12 15 41432.00 271.878172 1810 58.80 6232 22.72
711 2022 12 15 41432.40 272.278172 1809 58.77 6232 22.72
712 2022 12 15 41432.40 272.678769 1809 58.77 6231 22.71
713 2022 12 15 41433.40 273.079187 1809 58.77 6231 22.71
714 2022 12 15 41433.40 273.479749 1810 58.80 6232 22.72
715 2022 12 15 41433.40 273.880363 1809 58.77 6229 22.69
716 2022 12 15 41434.40 274.280915 1810 58.80 6230 22.70
717 2022 12 15 41434.40 274.681157 1810 58.80 6231 22.71
718 2022 12 15 41435.40 275.081617 1809 58.77 6231 22.71
719 2022 12 15 41435.40 275.481921 1810 58.80 6232 22.72
720 2022 12 15 41435.40 275.882154 1810 58.80 6231 22.71
721 2022 12 15 41436.40 276.282383 1810 58.80 6231 22.71
722 2022 12 15 41436.40 276.682805 1810 58.80 6232 22.72
723 2022 12 15 41437.40 277.083219 1810 58.80 6232 22.72
724 2022 12 15 41437.40 277.483648 1810 58.80 6232 22.72
725 2022 12 15 41437.40 277.884143 1810 58.80 6231 22.71
726 2022 12 15 41438.40 278.284350 1810 58.80 6231 22.71
727 2022 12 15 41438.00 278.284605 1810 58.80 6232 22.72
728 2022 12 15 41439.00 278.685084 1810 58.80 6232 22.72
729 2022 12 15 41439.00 279.085280 1810 58.80 6232 22.72
730 2022 12 15 41439.00 279.485503 1810 58.80 6231 22.71
731 2022 12 15 41440.00 279.885932 1810 58.80 6232 22.72
732 2022 12 15 41440.00 280.286147 1810 58.80 6232 22.72
733 2022 12 15 41440.40 280.686147 1810 58.80 6232 22.72
734 2022 12 15 41441.40 281.086676 1810 58.80 6232 22.72
735 2022 12 15 41441.40 281.487231 1810 58.80 6232 22.72
736 2022 12 15 41441.40 281.887764 1810 58.80 6231 22.71
737 2022 12 15 41442.40 282.287970 1810 58.80 6230 22.70
738 2022 12 15 41442.40 282.688477 1810 58.80 6231 22.71
739 2022 12 15 41443.40 283.089023 1810 58.80 6232 22.72
740 2022 12 15 41443.40 283.489466 1810 58.80 6231 22.71
741 2022 12 15 41443.40 283.890019 1810 58.80 6232 22.72
742 2022 12 15 41444.40 284.290592 1810 58.80 6231 22.71
743 2022 12 15 41444.40 284.691239 1810 58.80 6232 22.72
744 2022 12 15 41445.40 285.091477 1810 58.80 6231 22.71
745 2022 12 15 41445.40 285.492003 1810 58.80 6232 22.72
746 2022 12 15 41445.40 285.892248 1810 58.80 6232 22.72
747 2022 12 15 41446.40 286.292487 1810 58.80 6231 22.71
748 2022 12 15 41446.40 286.693031 1810 58.80 6232 22.72
749 2022 12 15 41447.00 286.693640 1810 58.80 6232 22.72
750 2022 12 15 41447.00 287.093959 1810 58.80 6232 22.72
751 2022 12 15 41447.00 287.494562 1810 58.80 6232 22.72
752 2022 12 15 41448.00 287.895120 1810 58.80 6233 22.73
753 2022 12 15 41448.00 288.295759 1810 58.80 6230 22.70
754 2022 12 15 41449.00 288.696114 1810 58.80 6232 22.72
755 2022 12 15 41449.40 289.096114 1810 58.80 6232 22.72
756 2022 12 15 41449.40 289.496812 1809 58.77 6232 22.72
757 2022 12 15 41449.40 289.897512 1810 58.80 6232 22.72
758 2022 12 15 41450.40 290.297830 1810 58.80 6231 22.71
759 2022 12 15 41450.40 290.698127 1809 58.77 6232 22.72
760 2022 12 15 41451.40 291.098623 1810 58.80 6232 22.72
761 2022 12 15 41451.40 291.499155 1809 58.77 6232 22.72
762 2022 12 15 41451.40 291.899631 1810 58.80 6232 22.72
763 2022 12 15 41452.40 292.299974 1809 58.77 6232 22.72
764 2022 12 15 41452.40 292.700447 1809 58.77 6232 22.72
765 2022 12 15 41453.40 293.100970 1809 58.77 6232 22.72
766 2022 12 15 41453.40 293.501379 1810 58.80 6231 22.71
767 2022 12 15 41453.40 293.901871 1810 58.80 6232 22.72
768 2022 12 15 41454.40 294.302194 1809 58.77 6232 22.72
769 2022 12 15 41454.40 294.702754 1810 58.80 6232 22.72
770 2022 12 15 41455.40 295.103189 1809 58.77 6233 22.73
771 2022 12 15 41455.00 295.103809 1810 58.80 6232 22.72
772 2022 12 15 41455.00 295.504352 1810 58.80 6232 22.72
773 2022 12 15 41456.00 295.904949 1810 58.80 6233 22.73
774 2022 12 15 41456.00 296.305330 1810 58.80 6231 22.71
775 2022 12 15 41457.00 296.705885 1809 58.77 6232 22.72
776 2022 12 15 41457.00 297.106253 1810 58.80 6233 22.73
777 2022 12 15 41457.40 297.506253 1810 58.80 6233 22.73
778 2022 12 15 41457.40 297.906657 1810 58.80 6234 22.74
779 2022 12 15 41458.40 298.306960 1809 58.77 6233 22.73
780 2022 12 15 41458.40 298.707620 1810 58.80 6234 22.74
781 2022 12 15 41459.40 299.108254 1810 58.80 6233 22.73
782 2022 12 15 41459.40 299.508914 1810 58.80 6232 22.72
783 2022 12 15 41459.40 299.909190 1810 58.80 6232 22.72
784 2022 12 15 41460.40 300.309469 1810 58.80 6233 22.73
785 2022 12 15 41460.40 300.709766 1810 58.80 6234 22.74
786 2022 12 15 41461.40 301.110047 1810 58.80 6234 22.74
787 2022 12 15 41461.40 301.510290 1810 58.80 6234 22.74
788 2022 12 15 41461.40 301.910579 1810 58.80 6234 22.74
789 2022 12 15 41462.40 302.310863 1810 58.80 6233 22.73
790 2022 12 15 41462.40 302.711165 1810 58.80 6233 22.73
791 2022 12 15 41463.40 303.111453 1810 58.80 6232 22.72
792 2022 12 15 41463.40 303.511677 1810 58.80 6232 22.72
793 2022 12 15 41463.00 303.511941 1811 58.83 6233 22.73
794 2022 12 15 41464.00 303.912148 1810 58.80 6232 22.72
795 2022 12 15 41464.00 304.312376 1811 58.83 6234 22.74
796 2022 12 15 41465.00 304.712651 1810 58.80 6232 22.72
797 2022 12 15 41465.00 305.112918 1811 58.83 6232 22.72
798 2022 12 15 41465.40 305.512918 1811 58.83 6233 22.73
799 2022 12 15 41465.40 305.913362 1810 58.80 6233 22.73
800 2022 12 15 41466.40 306.313547 1810 58.80 6232 22.72
801 2022 12 15 41466.40 306.713965 1810 58.80 6232 22.72
802 2022 12 15 41467.40 307.114403 1811 58.83 6232 22.72
803 2022 12 15 41467.40 307.514581 1810 58.80 6232 22.72
804 2022 12 15 41467.40 307.915041 1810 58.80 6232 22.72
805 2022 12 15 41468.40 308.315294 1811 58.83 6232 22.72
806 2022 12 15 41468.40 308.715777 1810 58.80 6232 22.72
807 2022 12 15 41469.40 309.116261 1811 58.83 6232 22.72
808 2022 12 15 41469.40 309.516777 1811 58.83 6232 22.72
809 2022 12 15 41469.40 309.917277 1811 58.83 6232 22.72
810 2022 12 15 41470.40 310.317786 1810 58.80 6231 22.71
811 2022 12 15 41470.40 310.718269 1811 58.83 6232 22.72
812 2022 12 15 41471.40 311.118782 1810 58.80 6231 22.71
813 2022 12 15 41471.40 311.519288 1810 58.80 6232 22.72
814 2022 12 15 41471.40 311.919620 1810 58.80 6232 22.72
815 2022 12 15 41472.00 311.919832 1811 58.83 6232 22.72
816 2022 12 15 41472.00 312.320045 1810 58.80 6232 22.72
817 2022 12 15 41473.00 312.720587 1810 58.80 6232 22.72
818 2022 12 15 41473.00 313.121131 1810 58.80 6231 22.71
819 2022 12 15 41473.00 313.521682 1811 58.83 6232 22.72
820 2022 12 15 41474.00 313.922202 1810 58.80 6232 22.72
821 2022 12 15 41474.40 314.322202 1810 58.80 6232 22.72
822 2022 12 15 41474.40 314.722746 1810 58.80 6232 22.72
823 2022 12 15 41475.40 315.123189 1810 58.80 6232 22.72
824 2022 12 15 41475.40 315.523407 1810 58.80 6232 22.72
825 2022 12 15 41475.40 315.924006 1810 58.80 6232 22.72
826 2022 12 15 41476.40 316.324388 1810 58.80 6232 22.72
827 2022 12 15 41476.40 316.724845 1810 58.80 6233 22.73
828 2022 12 15 41477.40 317.125457 1810 58.80 6232 22.72
829 2022 12 15 41477.40 317.525999 1810 58.80 6232 22.72
830 2022 12 15 41477.40 317.926615 1810 58.80 6232 22.72
831 2022 12 15 41478.40 318.327108 1810 58.80 6233 22.73
832 2022 12 15 41478.40 318.727713 1810 58.80 6232 22.72
833 2022 12 15 41479.40 319.128351 1810 58.80 6233 22.73
834 2022 12 15 41479.40 319.528616 1810 58.80 6232 22.72
835 2022 12 15 41479.40 319.928825 1809 58.77 6232 22.72
836 2022 12 15 41480.00 319.929070 1809 58.77 6232 22.72
837 2022 12 15 41480.00 320.329447 1809 58.77 6232 22.72
838 2022 12 15 41481.00 320.729851 1810 58.80 6232 22.72
839 2022 12 15 41481.00 321.130291 1809 58.77 6232 22.72
840 2022 12 15 41481.00 321.530755 1809 58.77 6231 22.71
841 2022 12 15 41482.00 321.931214 1809 58.77 6232 22.72
842 2022 12 15 41482.40 322.331214 1809 58.77 6232 22.72
843 2022 12 15 41482.40 322.731714 1809 58.77 6231 22.71
844 2022 12 15 41483.40 323.131930 1809 58.77 6232 22.72
845 2022 12 15 41483.40 323.532414 1809 58.77 6231 22.71
846 2022 12 15 41483.40 323.932900 1809 58.77 6231 22.71
847 2022 12 15 41484.40 324.333136 1809 58.77 6231 22.71
848 2022 12 15 41484.40 324.733461 1809 58.77 6232 22.72
849 2022 12 15 41485.40 325.133686 1809 58.77 6233 22.73
850 2022 12 15 41485.40 325.533938 1809 58.77 6232 22.72
851 2022 12 15 41485.40 325.934140 1810 58.80 6232 22.72
852 2022 12 15 41486.40 326.334328 1809 58.77 6232 22.72
853 2022 12 15 41486.40 326.734518 1810 58.80 6232 22.72
854 2022 12 15 41487.40 327.134737 1809 58.77 6232 22.72
855 2022 12 15 41487.40 327.534953 1810 58.80 6231 22.71
856 2022 12 15 41487.40 327.935175 1810 58.80 6232 22.72
857 2022 12 15 41488.40 328.335398 1809 58.77 6232 22.72
858 2022 12 15 41488.40 328.735620 1809 58.77 6231 22.71
859 2022 12 15 41489.00 328.735844 1809 58.77 6232 22.72
860 2022 12 15 41489.00 329.136019 1810 58.80 6230 22.70
861 2022 12 15 41489.00 329.536486 1809 58.77 6230 22.70
862 2022 12 15 41490.00 329.936945 1810 58.80 6232 22.72
863 2022 12 15 41490.00 330.337119 1809 58.77 6231 22.71
864 2022 12 15 41491.00 330.737642 1810 58.80 6233 22.73
865 2022 12 15 41491.40 331.137642 1809 58.77 6231 22.71
866 2022 12 15 41491.40 331.538247 1809 58.77 6231 22.71
867 2022 12 15 41491.40 331.938451 1810 58.80 6232 22.72
868 2022 12 15 41492.40 332.338984 1810 58.80 6232 22.72
869 2022 12 15 41492.40 332.739229 1810 58.80 6232 22.72
870 2022 12 15 41493.40 333.139648 1810 58.80 6232 22.72
871 2022 12 15 41493.40 333.540211 1809 58.77 6232 22.72
872 2022 12 15 41493.40 333.940568 1809 58.77 6232 22.72
873 2022 12 15 41494.40 334.340775 1809 58.77 6231 22.71
874 2022 12 15 41494.40 334.741348 1810 58.80 6232 22.72
875 2022 12 15 41495.40 335.141927 1809 58.77 6232 22.72
876 2022 12 15 41495.40 335.542529 1810 58.80 6232 22.72
877 2022 12 15 41495.40 335.943017 1810 58.80 6232 22.72
878 2022 12 15 41496.40 336.343323 1809 58.77 6231 22.71
879 2022 12 15 41496.40 336.743955 1809 58.77 6233 22.73
880 2022 12 15 41497.00 336.744177 1809 58.77 6232 22.72
881 2022 12 15 41497.00 337.144367 1809 58.77 6232 22.72
882 2022 12 15 41497.00 337.544586 1809 58.77 6231 22.71
883 2022 12 15 41498.00 337.944924 1810 58.80 6232 22.72
884 2022 12 15 41498.00 338.345275 1810 58.80 6231 22.71
885 2022 12 15 41499.00 338.745701 1810 58.80 6232 22.72
886 2022 12 15 41499.40 339.145701 1810 58.80 6232 22.72
887 2022 12 15 41499.40 339.546200 1809 58.77 6232 22.72
888 2022 12 15 41499.40 339.946463 1809 58.77 6232 22.72
889 2022 12 15 41500.40 340.346935 1810 58.80 6231 22.71
890 2022 12 15 41500.40 340.747358 1809 58.77 6232 22.72
891 2022 12 15 41501.40 341.147560 1810 58.80 6232 22.72
892 2022 12 15 41501.40 341.547765 1810 58.80 6232 22.72
893 2022 12 15 41501.40 341.948199 1810 58.80 6232 22.72
894 2022 12 15 41502.40 342.348609 1810 58.80 6232 22.72
895 2022 12 15 41502.40 342.749018 1810 58.80 6232 22.72
896 2022 12 15 41503.40 343.149399 1810 58.80 6232 22.72
897 2022 12 15 41503.40 343.549863 1810 58.80 6232 22.72
898 2022 12 15 41503.40 343.950380 1810 58.80 6232 22.72
899 2022 12 15 41504.40 344.350837 1810 58.80 6232 22.72
900 2022 12 15 41504.40 344.751060 1810 58.80 6232 22.72
901 2022 12 15 41505.40 345.151489 1810 58.80 6232 22.72
902 2022 12 15 41505.40 345.551699 1810 58.80 6232 22.72
903 2022 12 15 41505.00 345.552275 1810 58.80 6232 22.72
904 2022 12 15 41506.00 345.952787 1810 58.80 6234 22.74
905 2022 12 15 41506.00 346.353243 1810 58.80 6232 22.72
906 2022 12 15 41507.00 346.753688 1810 58.80 6233 22.73
907 2022 12 15 41507.00 347.153932 1810 58.80 6233 22.73
908 2022 12 15 41507.00 347.554165 1810 58.80 6232 22.72
909 2022 12 15 41507.40 347.954165 1810 58.80 6232 22.72
910 2022 12 15 41508.40 348.354693 1810 58.80 6233 22.73
911 2022 12 15 41508.40 348.755238 1810 58.80 6232 22.72
912 2022 12 15 41509.40 349.155784 1810 58.80 6232 22.72
913 2022 12 15 41509.40 349.556383 1810 58.80 6232 22.72
914 2022 12 15 41509.40 349.956999 1810 58.80 6232 22.72
915 2022 12 15 41510.40 350.357383 1810 58.80 6233 22.73
916 2022 12 15 41510.40 350.757929 1810 58.80 6233 22.73
917 2022 12 15 41511.40 351.158325 1810 58.80 6233 22.73
918 2022 12 15 41511.40 351.558662 1810 58.80 6233 22.73
919 2022 12 15 41511.40 351.959298 1810 58.80 6233 22.73
920 2022 12 15 41512.40 352.359674 1810 58.80 6232 22.72
921 2022 12 15 41512.40 352.759857 1810 58.80 6232 22.72
922 2022 12 15 41513.40 353.160021 1810 58.80 6233 22.73
923 2022 12 15 41513.40 353.560374 1811 58.83 6234 22.74
924 2022 12 15 41513.00 353.560541 1810 58.80 6233 22.73
925 2022 12 15 41514.00 353.960907 1811 58.83 6232 22.72
926 2022 12 15 41514.00 354.361333 1810 58.80 6231 22.71
927 2022 12 15 41515.00 354.761494 1810 58.80 6231 22.71
928 2022 12 15 41515.00 355.161895 1810 58.80 6232 22.72
929 2022 12 15 41515.00 355.562365 1810 58.80 6232 22.72
930 2022 12 15 41515.40 355.962365 1810 58.80 6232 22.72
931 2022 12 15 41516.40 356.362884 1810 58.80 6231 22.71
932 2022 12 15 41516.40 356.763047 1810 58.80 6231 22.71
933 2022 12 15 41517.40 357.163521 1810 58.80 6231 22.71
934 2022 12 15 41517.40 357.564011 1810 58.80 6232 22.72
935 2022 12 15 41517.40 357.964512 1810 58.80 6232 22.72
936 2022 12 15 41518.40 358.365012 1810 58.80 6232 22.72
937 2022 12 15 41518.40 358.765525 1810 58.80 6231 22.71
938 2022 12 15 41519.40 359.166042 1810 58.80 6232 22.72
939 2022 12 15 41519.40 359.566570 1810 58.80 6231 22.71
940 2022 12 15 41519.40 359.966815 1810 58.80 6231 22.71
941 2022 12 15 41520.40 360.367032 1810 58.80 6232 22.72
942 2022 12 15 41520.40 360.767276 1810 58.80 6232 22.72
943 2022 12 15 41521.40 361.167484 1810 58.80 6232 22.72
944 2022 12 15 41521.40 361.567696 1810 58.80 6232 22.72
945 2022 12 15 41521.40 361.967944 1810 58.80 6231 22.71
946 2022 12 15 41522.40 362.368167 1810 58.80 6231 22.71
947 2022 12 15 41522.00 362.368397 1810 58.80 6232 22.72
948 2022 12 15 41523.00 362.768620 1810 58.80 6232 22.72
949 2022 12 15 41523.00 363.168840 1810 58.80 6231 22.71
950 2022 12 15 41523.00 363.569065 1810 58.80 6232 22.72
951 2022 12 15 41524.00 363.969281 1810 58.80 6231 22.71
952 2022 12 15 41524.00 364.369510 1810 58.80 6232 22.72
953 2022 12 15 41524.40 364.769510 1810 58.80 6232 22.72
954 2022 12 15 41525.40 365.169809 1810 58.80 6233 22.73
955 2022 12 15 41525.40 365.570322 1810 58.80 6231 22.71
956 2022 12 15 41525.40 365.970896 1810 58.80 6232 22.72
957 2022 12 15 41526.40 366.371530 1810 58.80 6232 22.72
958 2022 12 15 41526.40 366.772037 1810 58.80 6231 22.71
959 2022 12 15 41527.40 367.172609 1810 58.80 6232 22.72
960 2022 12 15 41527.40 367.573135 1810 58.80 6232 22.72
961 2022 12 15 41527.40 367.973570 1810 58.80 6233 22.73
962 2022 12 15 41528.40 368.374190 1810 58.80 6232 22.72
963 2022 12 15 41528.40 368.774649 1810 58.80 6232 22.72
964 2022 12 15 41529.40 369.174894 1810 58.80 6232 22.72
965 2022 12 15 41529.40 369.575419 1810 58.80 6232 22.72
966 2022 12 15 41529.40 369.975602 1811 58.83 6232 22.72
967 2022 12 15 41530.40 370.375921 1810 58.80 6232 22.72
968 2022 12 15 41530.00 370.376311 1810 58.80 6232 22.72
969 2022 12 15 41531.00 370.776677 1810 58.80 6232 22.72
970 2022 12 15 41531.00 371.177154 1810 58.80 6232 22.72
971 2022 12 15 41531.00 371.577611 1810 58.80 6231 22.71
972 2022 12 15 41532.00 371.978069 1810 58.80 6231 22.71
973 2022 12 15 41532.00 372.378394 1810 58.80 6231 22.71
974 2022 12 15 41532.40 372.778394 1811 58.83 6232 22.72
975 2022 12 15 41533.40 373.178901 1810 58.80 6231 22.71
976 2022 12 15 41533.40 373.579330 1811 58.83 6231 22.71
977 2022 12 15 41533.40 373.979819 1811 58.83 6232 22.72
978 2022 12 15 41534.40 374.380323 1811 58.83 6231 22.71
979 2022 12 15 41534.40 374.780771 1810 58.80 6232 22.72
980 2022 12 15 41535.40 375.181190 1811 58.83 6231 22.71
981 2022 12 15 41535.40 375.581708 1811 58.83 6230 22.70
982 2022 12 15 41536.40 375.981941 1811 58.83 6231 22.71
983 2022 12 15 41536.40 376.382138 1811 58.83 6232 22.72
984 2022 12 15 41536.40 376.782351 1811 58.83 6230 22.70
985 2022 12 15 41537.40 377.182512 1811 58.83 6231 22.71
986 2022 12 15 41537.40 377.582985 1811 58.83 6231 22.71
987 2022 12 15 41538.40 377.983222 1811 58.83 6231 22.71
988 2022 12 15 41538.40 378.383381 1811 58.83 6231 22.71
989 2022 12 15 41538.40 378.783608 1811 58.83 6230 22.70
990 2022 12 15 41539.40 379.184152 1812 58.86 6230 22.70
991 2022 12 15 41539.00 379.184501 1812 58.86 6230 22.70
992 2022 12 15 41540.00 379.584843 1812 58.86 6231 22.71
993 2022 12 15 41540.00 379.985416 1812 58.86 6230 22.70
994 2022 12 15 41540.00 380.385811 1812 58.86 6231 22.71
995 2022 12 15 41541.00 380.786338 1812 58.86 6230 22.70
996 2022 12 15 41541.00 381.186942 1811 58.83 6230 22.70
997 2022 12 15 41541.40 381.586942 1812 58.86 6230 22.70
998 2022 12 15 41542.40 381.987588 1812 58.86 6230 22.70
999 2022 12 15 41542.40 382.388240 1812 58.86 6230 22.70
1000 2022 12 15 41542.40 382.788916 1812 58.86 6230 22.70
1001 2022 12 15 41543.40 383.189364 1812 58.86 6230 22.70
1002 2022 12 15 41543.40 383.589527 1812 58.86 6231 22.71
1003 2022 12 15 41544.40 383.990144 1812 58.86 6230 22.70
1004 2022 12 15 41544.40 384.390781 1812 58.86 6229 22.69
1005 2022 12 15 41544.40 384.791068 1812 58.86 6230 22.70
1006 2022 12 15 41545.40 385.191294 1812 58.86 6231 22.71
1007 2022 12 15 41545.40 385.591612 1812 58.86 6230 22.70
1008 2022 12 15 41546.40 385.991846 1812 58.86 6230 22.70
1009 2022 12 15 41546.40 386.392255 1812 58.86 6230 22.70
1010 2022 12 15 41546.40 386.792693 1812 58.86 6230 22.70
1011 2022 12 15 41547.40 387.193056 1812 58.86 6231 22.71
1012 2022 12 15 41547.00 387.193468 1812 58.86 6230 22.70
1013 2022 12 15 41548.00 387.593991 1812 58.86 6230 22.70
1014 2022 12 15 41548.00 387.994483 1812 58.86 6230 22.70
1015 2022 12 15 41548.00 388.394974 1813 58.89 6230 22.70
1016 2022 12 15 41549.00 388.795270 1812 58.86 6230 22.70
1017 2022 12 15 41549.00 389.195768 1812 58.86 6230 22.70
1018 2022 12 15 41549.40 389.595768 1812 58.86 6230 22.70
1019 2022 12 15 41550.40 389.996306 1812 58.86 6230 22.70
1020 2022 12 15 41550.40 390.396834 1812 58.86 6229 22.69
1021 2022 12 15 41550.40 390.797197 1812 58.86 6230 22.70
1022 2022 12 15 41551.40 391.197760 1812 58.86 6232 22.72
1023 2022 12 15 41551.40 391.597969 1812 58.86 6232 22.72
1024 2022 12 15 41552.40 391.998511 1813 58.89 6231 22.71
1025 2022 12 15 41552.40 392.399051 1813 58.89 6230 22.70
1026 2022 12 15 41552.40 392.799601 1813 58.89 6230 22.70
1027 2022 12 15 41553.40 393.200122 1813 58.89 6230 22.70
1028 2022 12 15 41553.40 393.600691 1812 58.86 6231 22.71
1029 2022 12 15 41554.40 394.001305 1813 58.89 6230 22.70
1030 2022 12 15 41554.40 394.401545 1813 58.89 6230 22.70
1031 2022 12 15 41554.40 394.802131 1812 58.86 6230 22.70
1032 2022 12 15 41555.40 395.202784 1813 58.89 6231 22.71
1033 2022 12 15 41555.40 395.603395 1813 58.89 6232 22.72
1034 2022 12 15 41556.40 396.003972 1813 58.89 6232 22.72
1035 2022 12 15 41556.00 396.004429 1813 58.89 6232 22.72
1036 2022 12 15 41556.00 396.404670 1813 58.89 6232 22.72
1037 2022 12 15 41557.00 396.805231 1812 58.86 6232 22.72
1038 2022 12 15 41557.00 397.205839 1813 58.89 6232 22.72
1039 2022 12 15 41558.00 397.606195 1812 58.86 6232 22.72
1040 2022 12 15 41558.00 398.006555 1812 58.86 6233 22.73
1041 2022 12 15 41558.40 398.406555 1812 58.86 6232 22.72
1042 2022 12 15 41558.40 398.806761 1812 58.86 6232 22.72
1043 2022 12 15 41559.40 399.206926 1812 58.86 6232 22.72
1044 2022 12 15 41559.40 399.607158 1812 58.86 6233 22.73
1045 2022 12 15 41560.40 400.007535 1812 58.86 6233 22.73
1046 2022 12 15 41560.40 400.407955 1812 58.86 6232 22.72
1047 2022 12 15 41560.40 400.808402 1812 58.86 6232 22.72
1048 2022 12 15 41561.40 401.208591 1812 58.86 6232 22.72
1049 2022 12 15 41561.40 401.608768 1812 58.86 6232 22.72
1050 2022 12 15 41562.40 402.008952 1812 58.86 6232 22.72
1051 2022 12 15 41562.40 402.409164 1812 58.86 6232 22.72
1052 2022 12 15 41562.40 402.809384 1812 58.86 6232 22.72
1053 2022 12 15 41563.40 403.209604 1812 58.86 6232 22.72
1054 2022 12 15 41563.40 403.609822 1812 58.86 6232 22.72
1055 2022 12 15 41564.40 404.010039 1812 58.86 6231 22.71
1056 2022 12 15 41564.00 404.010270 1812 58.86 6231 22.71
1057 2022 12 15 41564.00 404.410490 1812 58.86 6232 22.72
1058 2022 12 15 41565.00 404.810710 1812 58.86 6231 22.71
1059 2022 12 15 41565.00 405.210898 1812 58.86 6231 22.71
1060 2022 12 15 41566.00 405.611408 1812 58.86 6232 22.72
1061 2022 12 15 41566.00 406.011950 1812 58.86 6231 22.71
1062 2022 12 15 41566.40 406.411950 1812 58.86 6231 22.71
1063 2022 12 15 41566.40 406.812181 1813 58.89 6232 22.72
1064 2022 12 15 41567.40 407.212757 1812 58.86 6231 22.71
1065 2022 12 15 41567.40 407.613297 1812 58.86 6232 22.72
1066 2022 12 15 41568.40 408.013468 1812 58.86 6231 22.71
1067 2022 12 15 41568.40 408.413855 1812 58.86 6231 22.71
1068 2022 12 15 41568.40 408.814400 1812 58.86 6231 22.71
1069 2022 12 15 41569.40 409.214975 1812 58.86 6231 22.71
1070 2022 12 15 41569.40 409.615545 1812 58.86 6231 22.71
1071 2022 12 15 41570.40 410.016065 1812 58.86 6232 22.72
1072 2022 12 15 41570.40 410.416648 1812 58.86 6231 22.71
1073 2022 12 15 41570.40 410.817282 1812 58.86 6232 22.72
1074 2022 12 15 41571.40 411.217832 1812 58.86 6231 22.71
1075 2022 12 15 41571.40 411.618435 1812 58.86 6231 22.71
1076 2022 12 15 41572.40 412.018677 1812 58.86 6232 22.72
1077 2022 12 15 41572.40 412.419303 1812 58.86 6232 22.72
1078 2022 12 15 41572.40 412.819907 1812 58.86 6232 22.72
1079 2022 12 15 41573.00 412.820441 1811 58.83 6231 22.71
1080 2022 12 15 41573.00 413.221051 1812 58.86 6231 22.71
1081 2022 12 15 41574.00 413.621467 1812 58.86 6231 22.71
1082 2022 12 15 41574.00 414.022040 1811 58.83 6232 22.72
1083 2022 12 15 41574.00 414.422414 1812 58.86 6231 22.71
1084 2022 12 15 41574.40 414.822414 1811 58.83 6232 22.72
1085 2022 12 15 41575.40 415.222825 1812 58.86 6232 22.72
1086 2022 12 15 41575.40 415.623201 1811 58.83 6233 22.73
1087 2022 12 15 41576.40 416.023633 1811 58.83 6232 22.72
1088 2022 12 15 41576.40 416.424079 1811 58.83 6232 22.72
1089 2022 12 15 41576.40 416.824330 1811 58.83 6232 22.72
1090 2022 12 15 41577.40 417.224802 1811 58.83 6232 22.72
1091 2022 12 15 41577.40 417.625299 1811 58.83 6232 22.72
1092 2022 12 15 41578.40 418.025784 1811 58.83 6232 22.72
1093 2022 12 15 41578.40 418.426022 1811 58.83 6232 22.72
1094 2022 12 15 41578.40 418.826234 1811 58.83 6232 22.72
1095 2022 12 15 41579.40 419.226769 1811 58.83 6232 22.72
1096 2022 12 15 41579.40 419.626992 1811 58.83 6232 22.72
1097 2022 12 15 41580.40 420.027221 1811 58.83 6232 22.72
1098 2022 12 15 41580.40 420.427432 1811 58.83 6232 22.72
1099 2022 12 15 41580.40 420.827637 1811 58.83 6231 22.71
1100 2022 12 15 41581.00 420.827832 1812 58.86 6232 22.72
1101 2022 12 15 41581.00 421.228047 1811 58.83 6232 22.72
1102 2022 12 15 41582.00 421.628275 1811 58.83 6232 22.72
1103 2022 12 15 41582.00 422.028497 1811 58.83 6232 22.72
1104 2022 12 15 41582.00 422.428716 1812 58.86 6232 22.72
1105 2022 12 15 41583.00 422.828966 1811 58.83 6232 22.72
1106 2022 12 15 41583.40 423.228966 1811 58.83 6232 22.72
1107 2022 12 15 41583.40 423.629222 1811 58.83 6230 22.70
1108 2022 12 15 41584.40 424.029444 1811 58.83 6232 22.72
1109 2022 12 15 41584.40 424.429711 1811 58.83 6232 22.72
1110 2022 12 15 41584.40 424.829969 1811 58.83 6232 22.72
1111 2022 12 15 41585.40 425.230186 1811 58.83 6232 22.72
1112 2022 12 15 41585.40 425.630768 1811 58.83 6231 22.71
1113 2022 12 15 41586.40 426.031359 1811 58.83 6231 22.71
1114 2022 12 15 41586.40 426.431957 1812 58.86 6231 22.71
1115 2022 12 15 41586.40 426.832272 1811 58.83 6232 22.72
1116 2022 12 15 41587.40 427.232825 1811 58.83 6233 22.73
1117 2022 12 15 41587.40 427.633441 1812 58.86 6232 22.72
1118 2022 12 15 41588.40 428.033859 1812 58.86 6231 22.71
1119 2022 12 15 41588.40 428.434481 1812 58.86 6232 22.72
1120 2022 12 15 41588.40 428.834647 1811 58.83 6232 22.72
1121 2022 12 15 41589.40 429.235260 1811 58.83 6232 22.72
1122 2022 12 15 41589.40 429.635888 1811 58.83 6232 22.72
1123 2022 12 15 41590.00 429.636058 1811 58.83 6232 22.72
1124 2022 12 15 41590.00 430.036673 1811 58.83 6232 22.72
1125 2022 12 15 41590.00 430.437226 1811 58.83 6231 22.71
1126 2022 12 15 41591.00 430.837844 1811 58.83 6232 22.72
1127 2022 12 15 41591.00 431.238010 1812 58.86 6231 22.71
1128 2022 12 15 41591.40 431.638010 1811 58.83 6232 22.72
1129 2022 12 15 41592.40 432.038347 1811 58.83 6232 22.72
1130 2022 12 15 41592.40 432.438757 1811 58.83 6232 22.72
1131 2022 12 15 41592.40 432.839256 1811 58.83 6232 22.72
1132 2022 12 15 41593.40 433.239698 1811 58.83 6231 22.71
1133 2022 12 15 41593.40 433.639915 1811 58.83 6231 22.71
1134 2022 12 15 41594.40 434.040196 1811 58.83 6232 22.72
1135 2022 12 15 41594.40 434.440661 1811 58.83 6232 22.72
1136 2022 12 15 41594.40 434.840853 1811 58.83 6232 22.72
1137 2022 12 15 41595.40 435.241335 1811 58.83 6231 22.71
1138 2022 12 15 41595.40 435.641823 1811 58.83 6232 22.72
1139 2022 12 15 41596.40 436.042263 1811 58.83 6231 22.71
1140 2022 12 15 41596.40 436.442764 1811 58.83 6232 22.72
1141 2022 12 15 41596.40 436.842998 1812 58.86 6231 22.71
1142 2022 12 15 41597.40 437.243505 1810 58.80 6233 22.73
1143 2022 12 15 41597.40 437.643904 1811 58.83 6232 22.72
1144 2022 12 15 41598.00 437.644401 1811 58.83 6232 22.72
1145 2022 12 15 41598.00 438.044635 1811 58.83 6232 22.72
1146 2022 12 15 41598.00 438.445106 1811 58.83 6232 22.72
1147 2022 12 15 41599.00 438.845436 1811 58.83 6232 22.72
1148 2022 12 15 41599.00 439.245670 1810 58.80 6232 22.72
1149 2022 12 15 41600.00 439.645939 1811 58.83 6232 22.72
1150 2022 12 15 41600.40 440.045939 1811 58.83 6232 22.72
1151 2022 12 15 41600.40 440.446519 1811 58.83 6232 22.72
1152 2022 12 15 41600.40 440.846866 1810 58.80 6232 22.72
1153 2022 12 15 41601.40 441.247105 1811 58.83 6232 22.72
1154 2022 12 15 41601.40 441.647308 1810 58.80 6232 22.72
1155 2022 12 15 41602.40 442.047938 1811 58.83 6232 22.72
1156 2022 12 15 41602.40 442.448522 1810 58.80 6232 22.72
1157 2022 12 15 41602.40 442.849077 1810 58.80 6231 22.71
1158 2022 12 15 41603.40 443.249683 1811 58.83 6232 22.72
1159 2022 12 15 41603.40 443.650259 1810 58.80 6233 22.73
1160 2022 12 15 41604.40 444.050769 1810 58.80 6232 22.72
1161 2022 12 15 41604.40 444.451377 1810 58.80 6232 22.72
1162 2022 12 15 41604.40 444.851764 1811 58.83 6232 22.72
1163 2022 12 15 41605.40 445.251991 1810 58.80 6232 22.72
1164 2022 12 15 41605.40 445.652233 1810 58.80 6231 22.71
1165 2022 12 15 41606.40 446.052798 1811 58.83 6233 22.73
1166 2022 12 15 41606.40 446.453169 1810 58.80 6232 22.72
1167 2022 12 15 41606.00 446.453444 1810 58.80 6234 22.74
1168 2022 12 15 41607.00 446.853641 1810 58.80 6232 22.72
1169 2022 12 15 41607.00 447.253891 1810 58.80 6233 22.73
1170 2022 12 15 41608.00 447.654268 1811 58.83 6233 22.73
1171 2022 12 15 41608.00 448.054661 1810 58.80 6232 22.72
1172 2022 12 15 41608.40 448.454661 1811 58.83 6233 22.73
1173 2022 12 15 41608.40 448.855103 1810 58.80 6232 22.72
1174 2022 12 15 41609.40 449.255552 1811 58.83 6233 22.73
1175 2022 12 15 41609.40 449.655785 1810 58.80 6232 22.72
1176 2022 12 15 41610.40 450.056003 1810 58.80 6232 22.72
1177 2022 12 15 41610.40 450.456333 1810 58.80 6232 22.72
1178 2022 12 15 41610.40 450.856650 1810 58.80 6233 22.73
1179 2022 12 15 41611.40 451.257129 1811 58.83 6232 22.72
1180 2022 12 15 41611.40 451.657590 1811 58.83 6233 22.73
1181 2022 12 15 41612.40 452.058033 1810 58.80 6232 22.72
1182 2022 12 15 41612.40 452.458472 1811 58.83 6231 22.71
1183 2022 12 15 41612.40 452.858979 1810 58.80 6232 22.72
1184 2022 12 15 41613.40 453.259502 1810 58.80 6232 22.72
1185 2022 12 15 41613.40 453.659941 1810 58.80 6232 22.72
1186 2022 12 15 41614.40 454.060248 1810 58.80 6232 22.72
1187 2022 12 15 41614.40 454.460483 1810 58.80 6231 22.71
1188 2022 12 15 41614.00 454.461011 1810 58.80 6231 22.71
1189 2022 12 15 41615.00 454.861562 1810 58.80 6230 22.70
1190 2022 12 15 41615.00 455.261775 1810 58.80 6231 22.71
1191 2022 12 15 41616.00 455.661961 1811 58.83 6233 22.73
1192 2022 12 15 41616.00 456.062460 1811 58.83 6232 22.72
1193 2022 12 15 41616.00 456.462660 1811 58.83 6232 22.72
1194 2022 12 15 41616.40 456.862660 1810 58.80 6233 22.73
1195 2022 12 15 41617.40 457.263197 1810 58.80 6232 22.72
1196 2022 12 15 41617.40 457.663775 1810 58.80 6232 22.72
1197 2022 12 15 41618.40 458.063991 1810 58.80 6232 22.72
1198 2022 12 15 41618.40 458.464595 1811 58.83 6232 22.72
1199 2022 12 15 41618.40 458.865140 1810 58.80 6232 22.72
1200 2022 12 15 41619.40 459.265336 1810 58.80 6232 22.72
1201 2022 12 15 41619.40 459.665916 1810 58.80 6232 22.72
1202 2022 12 15 41620.40 460.066512 1811 58.83 6232 22.72
1203 2022 12 15 41620.40 460.467126 1810 58.80 6232 22.72
1204 2022 12 15 41620.40 460.867763 1810 58.80 6233 22.73
1205 2022 12 15 41621.40 461.268277 1810 58.80 6231 22.71
1206 2022 12 15 41621.40 461.668886 1810 58.80 6232 22.72
1207 2022 12 15 41622.40 462.069306 1810 58.80 6232 22.72
1208 2022 12 15 41622.40 462.469599 1810 58.80 6232 22.72
1209 2022 12 15 41622.40 462.869953 1810 58.80 6232 22.72
1210 2022 12 15 41623.00 462.870334 1810 58.80 6232 22.72
1211 2022 12 15 41623.00 463.270711 1810 58.80 6231 22.71
1212 2022 12 15 41624.00 463.671188 1810 58.80 6232 22.72
1213 2022 12 15 41624.00 464.071639 1810 58.80 6232 22.72
1214 2022 12 15 41624.00 464.472111 1810 58.80 6232 22.72
1215 2022 12 15 41625.00 464.872433 1810 58.80 6232 22.72
1216 2022 12 15 41625.40 465.272433 1810 58.80 6232 22.72
1217 2022 12 15 41625.40 465.672954 1810 58.80 6232 22.72
1218 2022 12 15 41626.40 466.073454 1810 58.80 6232 22.72
1219 2022 12 15 41626.40 466.473957 1810 58.80 6232 22.72
1220 2022 12 15 41626.40 466.874472 1810 58.80 6232 22.72
1221 2022 12 15 41627.40 467.274709 1810 58.80 6231 22.71
1222 2022 12 15 41627.40 467.674894 1810 58.80 6232 22.72
1223 2022 12 15 41628.40 468.075377 1810 58.80 6232 22.72
1224 2022 12 15 41628.40 468.475773 1810 58.80 6230 22.70
1225 2022 12 15 41628.40 468.876355 1810 58.80 6232 22.72
1226 2022 12 15 41629.40 469.276823 1810 58.80 6232 22.72
1227 2022 12 15 41629.40 469.677366 1810 58.80 6233 22.73
1228 2022 12 15 41630.40 470.077698 1810 58.80 6232 22.72
1229 2022 12 15 41630.40 470.478286 1810 58.80 6231 22.71
1230 2022 12 15 41630.40 470.878753 1810 58.80 6232 22.72
1231 2022 12 15 41631.40 471.279333 1810 58.80 6232 22.72
1232 2022 12 15 41631.00 471.279662 1810 58.80 6232 22.72
1233 2022 12 15 41632.00 471.680286 1810 58.80 6231 22.71
1234 2022 12 15 41632.00 472.080889 1810 58.80 6232 22.72
1235 2022 12 15 41632.00 472.481055 1810 58.80 6232 22.72
1236 2022 12 15 41633.00 472.881377 1810 58.80 6232 22.72
1237 2022 12 15 41633.00 473.281981 1810 58.80 6232 22.72
1238 2022 12 15 41633.40 473.681981 1810 58.80 6232 22.72
1239 2022 12 15 41634.40 474.082512 1810 58.80 6232 22.72
1240 2022 12 15 41634.40 474.483051 1810 58.80 6231 22.71
1241 2022 12 15 41634.40 474.883527 1810 58.80 6232 22.72
1242 2022 12 15 41635.40 475.284123 1810 58.80 6231 22.71
1243 2022 12 15 41635.40 475.684347 1810 58.80 6232 22.72
1244 2022 12 15 41636.40 476.084871 1810 58.80 6231 22.71
1245 2022 12 15 41636.40 476.485042 1810 58.80 6232 22.72
1246 2022 12 15 41636.40 476.885246 1811 58.83 6232 22.72
1247 2022 12 15 41637.40 477.285445 1810 58.80 6232 22.72
1248 2022 12 15 41637.40 477.685652 1811 58.83 6232 22.72
1249 2022 12 15 41638.40 478.085878 1811 58.83 6232 22.72
1250 2022 12 15 41638.40 478.486099 1811 58.83 6232 22.72
1251 2022 12 15 41638.40 478.886315 1811 58.83 6233 22.73
1252 2022 12 15 41639.40 479.286536 1811 58.83 6232 22.72
1253 2022 12 15 41639.40 479.686750 1811 58.83 6233 22.73
1254 2022 12 15 41640.00 479.686987 1811 58.83 6232 22.72
1255 2022 12 15 41640.00 480.087222 1812 58.86 6232 22.72
1256 2022 12 15 41640.00 480.487449 1811 58.83 6232 22.72
1257 2022 12 15 41641.00 480.887677 1811 58.83 6232 22.72
1258 2022 12 15 41641.00 481.287938 1811 58.83 6232 22.72
1259 2022 12 15 41642.00 481.688175 1811 58.83 6233 22.73
1260 2022 12 15 41642.40 482.088175 1811 58.83 6233 22.73
1261 2022 12 15 41642.40 482.488502 1811 58.83 6232 22.72
1262 2022 12 15 41642.40 482.888780 1811 58.83 6232 22.72
1263 2022 12 15 41643.40 483.289067 1811 58.83 6232 22.72
1264 2022 12 15 41643.40 483.689298 1811 58.83 6232 22.72
1265 2022 12 15 41644.40 484.089526 1811 58.83 6232 22.72
1266 2022 12 15 41644.40 484.490020 1811 58.83 6232 22.72
1267 2022 12 15 41644.40 484.890398 1811 58.83 6232 22.72
1268 2022 12 15 41645.40 485.290680 1811 58.83 6232 22.72
1269 2022 12 15 41645.40 485.691180 1811 58.83 6231 22.71
1270 2022 12 15 41646.40 486.091700 1811 58.83 6232 22.72
1271 2022 12 15 41646.40 486.492115 1811 58.83 6232 22.72
1272 2022 12 15 41646.40 486.892597 1811 58.83 6232 22.72
1273 2022 12 15 41647.40 487.293166 1811 58.83 6232 22.72
1274 2022 12 15 41647.40 487.693774 1811 58.83 6232 22.72
1275 2022 12 15 41648.40 488.093999 1811 58.83 6232 22.72
1276 2022 12 15 41648.00 488.094582 1811 58.83 6232 22.72
1277 2022 12 15 41648.00 488.495119 1811 58.83 6232 22.72
1278 2022 12 15 41649.00 488.895664 1811 58.83 6232 22.72
1279 2022 12 15 41649.00 489.296286 1811 58.83 6232 22.72
1280 2022 12 15 41650.00 489.696755 1811 58.83 6233 22.73
1281 2022 12 15 41650.00 490.097159 1811 58.83 6232 22.72
1282 2022 12 15 41650.40 490.497159 1811 58.83 6232 22.72
1283 2022 12 15 41650.40 490.897713 1812 58.86 6232 22.72
1284 2022 12 15 41651.40 491.298355 1811 58.83 6232 22.72
1285 2022 12 15 41651.40 491.698979 1811 58.83 6232 22.72
1286 2022 12 15 41652.40 492.099341 1811 58.83 6232 22.72
1287 2022 12 15 41652.40 492.499954 1811 58.83 6232 22.72
1288 2022 12 15 41652.40 492.900418 1811 58.83 6231 22.71
1289 2022 12 15 41653.40 493.300590 1811 58.83 6232 22.72
1290 2022 12 15 41653.40 493.700905 1812 58.86 6232 22.72
1291 2022 12 15 41654.40 494.101303 1811 58.83 6231 22.71
1292 2022 12 15 41654.40 494.501714 1811 58.83 6231 22.71
1293 2022 12 15 41654.40 494.901943 1811 58.83 6232 22.72
1294 2022 12 15 41655.40 495.302388 1811 58.83 6231 22.71
1295 2022 12 15 41655.40 495.702845 1811 58.83 6231 22.71
1296 2022 12 15 41656.40 496.103350 1811 58.83 6232 22.72
1297 2022 12 15 41656.40 496.503827 1812 58.86 6232 22.72
1298 2022 12 15 41656.00 496.504219 1812 58.86 6232 22.72
1299 2022 12 15 41657.00 496.904706 1812 58.86 6232 22.72
1300 2022 12 15 41657.00 497.305172 1811 58.83 6232 22.72
1301 2022 12 15 41658.00 497.705622 1812 58.86 6232 22.72
1302 2022 12 15 41658.00 498.105819 1812 58.86 6232 22.72
1303 2022 12 15 41658.00 498.506106 1812 58.86 6233 22.73
1304 2022 12 15 41658.40 498.906106 1812 58.86 6232 22.72
1305 2022 12 15 41659.40 499.306662 1812 58.86 6231 22.71
1306 2022 12 15 41659.40 499.707156 1811 58.83 6232 22.72
1307 2022 12 15 41660.40 500.107692 1812 58.86 6232 22.72
1308 2022 12 15 41660.40 500.508191 1812 58.86 6232 22.72
1309 2022 12 15 41660.40 500.908633 1812 58.86 6232 22.72
1310 2022 12 15 41661.40 501.309121 1812 58.86 6231 22.71
1311 2022 12 15 41661.40 501.709685 1811 58.83 6232 22.72
1312 2022 12 15 41662.40 502.110296 1811 58.83 6232 22.72
1313 2022 12 15 41662.40 502.510880 1811 58.83 6232 22.72
1314 2022 12 15 41662.40 502.911328 1811 58.83 6231 22.71
1315 2022 12 15 41663.40 503.311860 1811 58.83 6232 22.72
1316 2022 12 15 41663.40 503.712056 1811 58.83 6232 22.72
1317 2022 12 15 41664.40 504.112298 1811 58.83 6231 22.71
1318 2022 12 15 41664.40 504.512494 1811 58.83 6232 22.72
1319 2022 12 15 41664.40 504.912897 1811 58.83 6230 22.70
1320 2022 12 15 41665.00 504.913496 1811 58.83 6232 22.72
1321 2022 12 15 41665.00 505.313655 1811 58.83 6232 22.72
1322 2022 12 15 41666.00 505.714135 1811 58.83 6232 22.72
1323 2022 12 15 41666.00 506.114603 1811 58.83 6231 22.71
1324 2022 12 15 41666.00 506.514837 1811 58.83 6232 22.72
1325 2022 12 15 41667.00 506.915463 1811 58.83 6232 22.72
1326 2022 12 15 41667.40 507.315463 1811 58.83 6232 22.72
1327 2022 12 15 41667.40 507.716144 1811 58.83 6232 22.72
1328 2022 12 15 41668.40 508.116349 1811 58.83 6232 22.72
1329 2022 12 15 41668.40 508.516754 1810 58.80 6231 22.71
1330 2022 12 15 41668.40 508.917167 1811 58.83 6232 22.72
1331 2022 12 15 41669.40 509.317354 1811 58.83 6233 22.73
1332 2022 12 15 41669.40 509.717779 1810 58.80 6233 22.73
1333 2022 12 15 41670.40 510.118234 1810 58.80 6233 22.73
1334 2022 12 15 41670.40 510.518430 1810 58.80 6232 22.72
1335 2022 12 15 41670.40 510.918888 1810 58.80 6232 22.72
1336 2022 12 15 41671.40 511.319369 1810 58.80 6232 22.72
1337 2022 12 15 41671.40 511.719858 1810 58.80 6233 22.73
1338 2022 12 15 41672.40 512.120293 1810 58.80 6232 22.72
1339 2022 12 15 41672.40 512.520778 1810 58.80 6232 22.72
1340 2022 12 15 41672.40 512.921286 1810 58.80 6232 22.72
1341 2022 12 15 41673.40 513.321778 1810 58.80 6233 22.73
1342 2022 12 15 41673.00 513.322293 1810 58.80 6232 22.72
1343 2022 12 15 41674.00 513.722773 1810 58.80 6232 22.72
1344 2022 12 15 41674.00 514.123282 1810 58.80 6232 22.72
1345 2022 12 15 41674.00 514.523785 1810 58.80 6232 22.72
1346 2022 12 15 41675.00 514.924196 1810 58.80 6232 22.72
1347 2022 12 15 41675.00 515.324439 1810 58.80 6233 22.73
1348 2022 12 15 41675.40 515.724439 1810 58.80 6232 22.72
1349 2022 12 15 41676.40 516.125031 1810 58.80 6232 22.72
1350 2022 12 15 41676.40 516.525558 1810 58.80 6232 22.72
1351 2022 12 15 41676.40 516.926088 1810 58.80 6233 22.73
1352 2022 12 15 41677.40 517.326548 1810 58.80 6232 22.72
1353 2022 12 15 41677.40 517.727019 1810 58.80 6232 22.72
1354 2022 12 15 41678.40 518.127625 1810 58.80 6233 22.73
1355 2022 12 15 41678.40 518.528185 1810 58.80 6234 22.74
1356 2022 12 15 41678.40 518.928390 1810 58.80 6232 22.72
1357 2022 12 15 41679.40 519.328714 1810 58.80 6232 22.72
1358 2022 12 15 41679.40 519.728939 1810 58.80 6232 22.72
1359 2022 12 15 41680.40 520.129478 1810 58.80 6232 22.72
1360 2022 12 15 41680.40 520.530093 1810 58.80 6233 22.73
1361 2022 12 15 41680.40 520.930641 1810 58.80 6232 22.72
1362 2022 12 15 41681.40 521.331043 1809 58.77 6233 22.73
1363 2022 12 15 41681.40 521.731661 1810 58.80 6232 22.72
1364 2022 12 15 41682.00 521.731873 1810 58.80 6232 22.72
1365 2022 12 15 41682.00 522.132232 1810 58.80 6232 22.72
1366 2022 12 15 41682.00 522.532670 1810 58.80 6232 22.72
1367 2022 12 15 41683.00 522.933064 1809 58.77 6232 22.72
1368 2022 12 15 41683.00 523.333490 1809 58.77 6232 22.72
1369 2022 12 15 41683.40 523.733490 1810 58.80 6232 22.72
1370 2022 12 15 41684.40 524.133982 1809 58.77 6232 22.72
1371 2022 12 15 41684.40 524.534383 1810 58.80 6232 22.72
1372 2022 12 15 41684.40 524.934878 1809 58.77 6233 22.73
1373 2022 12 15 41685.40 525.335372 1810 58.80 6232 22.72
1374 2022 12 15 41685.40 525.735856 1810 58.80 6232 22.72
1375 2022 12 15 41686.40 526.136360 1809 58.77 6232 22.72
1376 2022 12 15 41686.40 526.536692 1810 58.80 6232 22.72
1377 2022 12 15 41686.40 526.936918 1809 58.77 6232 22.72
1378 2022 12 15 41687.40 527.337342 1810 58.80 6233 22.73
1379 2022 12 15 41687.40 527.737575 1809 58.77 6233 22.73
1380 2022 12 15 41688.40 528.138092 1809 58.77 6233 22.73
1381 2022 12 15 41688.40 528.538540 1809 58.77 6232 22.72
1382 2022 12 15 41688.40 528.939072 1809 58.77 6233 22.73
1383 2022 12 15 41689.40 529.339552 1809 58.77 6232 22.72
1384 2022 12 15 41689.40 529.740099 1809 58.77 6232 22.72
1385 2022 12 15 41690.40 530.140646 1810 58.80 6233 22.73
1386 2022 12 15 41690.00 530.140884 1809 58.77 6232 22.72
1387 2022 12 15 41690.00 530.541462 1809 58.77 6233 22.73
1388 2022 12 15 41691.00 530.941659 1809 58.77 6232 22.72
1389 2022 12 15 41691.00 531.342255 1809 58.77 6233 22.73
1390 2022 12 15 41692.00 531.742791 1809 58.77 6233 22.73
1391 2022 12 15 41692.00 532.142952 1809 58.77 6233 22.73
1392 2022 12 15 41692.40 532.542952 1809 58.77 6234 22.74
1393 2022 12 15 41692.40 532.943582 1810 58.80 6233 22.73
1394 2022 12 15 41693.40 533.343829 1809 58.77 6232 22.72
1395 2022 12 15 41693.40 533.743983 1809 58.77 6233 22.73
1396 2022 12 15 41694.40 534.144476 1809 58.77 6232 22.72
1397 2022 12 15 41694.40 534.544858 1809 58.77 6232 22.72
1398 2022 12 15 41694.40 534.945393 1809 58.77 6233 22.73
1399 2022 12 15 41695.40 535.345553 1809 58.77 6232 22.72
1400 2022 12 15 41695.40 535.746160 1809 58.77 6234 22.74
1401 2022 12 15 41696.40 536.146775 1809 58.77 6233 22.73
1402 2022 12 15 41696.40 536.547345 1809 58.77 6232 22.72
1403 2022 12 15 41696.40 536.947519 1809 58.77 6232 22.72
1404 2022 12 15 41697.40 537.347861 1809 58.77 6233 22.73
1405 2022 12 15 41697.40 537.748213 1809 58.77 6233 22.73
1406 2022 12 15 41698.40 538.148652 1809 58.77 6233 22.73
1407 2022 12 15 41698.00 538.149102 1809 58.77 6233 22.73
1408 2022 12 15 41698.00 538.549356 1810 58.80 6233 22.73
1409 2022 12 15 41699.00 538.949772 1809 58.77 6232 22.72
1410 2022 12 15 41699.00 539.350257 1809 58.77 6233 22.73
1411 2022 12 15 41700.00 539.750494 1809 58.77 6233 22.73
1412 2022 12 15 41700.00 540.150681 1809 58.77 6233 22.73
1413 2022 12 15 41700.40 540.550681 1809 58.77 6233 22.73
1414 2022 12 15 41700.40 540.950927 1809 58.77 6232 22.72
1415 2022 12 15 41701.40 541.351139 1809 58.77 6234 22.74
1416 2022 12 15 41701.40 541.751368 1809 58.77 6234 22.74
1417 2022 12 15 41702.40 542.151594 1810 58.80 6234 22.74
1418 2022 12 15 41702.40 542.551864 1810 58.80 6233 22.73
1419 2022 12 15 41702.40 542.952006 1810 58.80 6234 22.74
1420 2022 12 15 41703.40 543.352184 1809 58.77 6233 22.73
1421 2022 12 15 41703.40 543.752404 1809 58.77 6233 22.73
1422 2022 12 15 41704.40 544.152620 1810 58.80 6234 22.74
1423 2022 12 15 41704.40 544.552846 1809 58.77 6233 22.73
1424 2022 12 15 41704.40 544.953075 1809 58.77 6233 22.73
1425 2022 12 15 41705.40 545.353473 1809 58.77 6233 22.73
1426 2022 12 15 41705.40 545.753976 1809 58.77 6233 22.73
1427 2022 12 15 41706.40 546.154244 1809 58.77 6232 22.72
1428 2022 12 15 41706.40 546.554810 1809 58.77 6233 22.73
1429 2022 12 15 41706.40 546.955363 1809 58.77 6232 22.72
1430 2022 12 15 41707.00 546.955882 1809 58.77 6233 22.73
1431 2022 12 15 41707.00 547.356468 1809 58.77 6234 22.74
1432 2022 12 15 41708.00 547.757022 1809 58.77 6233 22.73
1433 2022 12 15 41708.00 548.157614 1809 58.77 6233 22.73
1434 2022 12 15 41708.00 548.558213 1809 58.77 6232 22.72
1435 2022 12 15 41709.00 548.958684 1809 58.77 6233 22.73
1436 2022 12 15 41709.40 549.358684 1809 58.77 6233 22.73
1437 2022 12 15 41709.40 549.759279 1809 58.77 6233 22.73
1438 2022 12 15 41710.40 550.159638 1809 58.77 6234 22.74
1439 2022 12 15 41710.40 550.560253 1809 58.77 6233 22.73
1440 2022 12 15 41710.40 550.960871 1809 58.77 6232 22.72
1441 2022 12 15 41711.40 551.361431 1809 58.77 6233 22.73
1442 2022 12 15 41711.40 551.761625 1809 58.77 6233 22.73
1443 2022 12 15 41712.40 552.161815 1809 58.77 6233 22.73
1444 2022 12 15 41712.40 552.561995 1809 58.77 6232 22.72
1445 2022 12 15 41712.40 552.962182 1809 58.77 6233 22.73
1446 2022 12 15 41713.40 553.362394 1809 58.77 6233 22.73
1447 2022 12 15 41713.40 553.762602 1809 58.77 6234 22.74
1448 2022 12 15 41714.40 554.162766 1809 58.77 6233 22.73
1449 2022 12 15 41714.40 554.562984 1809 58.77 6233 22.73
1450 2022 12 15 41714.40 554.963204 1809 58.77 6232 22.72
1451 2022 12 15 41715.00 554.963547 1809 58.77 6234 22.74
1452 2022 12 15 41715.00 555.363814 1809 58.77 6233 22.73
1453 2022 12 15 41716.00 555.764066 1809 58.77 6233 22.73
1454 2022 12 15 41716.00 556.164525 1809 58.77 6232 22.72
1455 2022 12 15 41716.00 556.564762 1809 58.77 6233 22.73
1456 2022 12 15 41717.00 556.965164 1809 58.77 6233 22.73
1457 2022 12 15 41717.40 557.365164 1809 58.77 6234 22.74
1458 2022 12 15 41717.40 557.765678 1809 58.77 6232 22.72
1459 2022 12 15 41718.40 558.166147 1809 58.77 6233 22.73
1460 2022 12 15 41718.40 558.566631 1809 58.77 6233 22.73
1461 2022 12 15 41718.40 558.967123 1809 58.77 6232 22.72
1462 2022 12 15 41719.40 559.367440 1809 58.77 6232 22.72
1463 2022 12 15 41719.40 559.767640 1810 58.80 6232 22.72
1464 2022 12 15 41720.40 560.167840 1809 58.77 6233 22.73
1465 2022 12 15 41720.40 560.568264 1809 58.77 6233 22.73
1466 2022 12 15 41720.40 560.968456 1809 58.77 6232 22.72
1467 2022 12 15 41721.40 561.368900 1809 58.77 6234 22.74
1468 2022 12 15 41721.40 561.769342 1809 58.77 6233 22.73
1469 2022 12 15 41722.40 562.169505 1809 58.77 6232 22.72
1470 2022 12 15 41722.40 562.570037 1809 58.77 6232 22.72
1471 2022 12 15 41722.40 562.970575 1809 58.77 6232 22.72
1472 2022 12 15 41723.40 563.371059 1809 58.77 6233 22.73
1473 2022 12 15 41723.40 563.771550 1809 58.77 6233 22.73
1474 2022 12 15 41724.00 563.771788 1809 58.77 6233 22.73
1475 2022 12 15 41724.00 564.172356 1809 58.77 6232 22.72
1476 2022 12 15 41724.00 564.572931 1810 58.80 6232 22.72
1477 2022 12 15 41725.00 564.973282 1809 58.77 6233 22.73
1478 2022 12 15 41725.00 565.373869 1809 58.77 6232 22.72
1479 2022 12 15 41726.00 565.774212 1809 58.77 6232 22.72
1480 2022 12 15 41726.40 566.174212 1810 58.80 6232 22.72
1481 2022 12 15 41726.40 566.574854 1809 58.77 6233 22.73
1482 2022 12 15 41726.40 566.975474 1810 58.80 6232 22.72
1483 2022 12 15 41727.40 567.375711 1809 58.77 6232 22.72
1484 2022 12 15 41727.40 567.776205 1809 58.77 6232 22.72
1485 2022 12 15 41728.40 568.176666 1810 58.80 6232 22.72
1486 2022 12 15 41728.40 568.577296 1809 58.77 6234 22.74
1487 2022 12 15 41728.40 568.977911 1810 58.80 6232 22.72
1488 2022 12 15 41729.40 569.378160 1810 58.80 6232 22.72
1489 2022 12 15 41729.40 569.778597 1809 58.77 6232 22.72
1490 2022 12 15 41730.40 570.178910 1810 58.80 6232 22.72
1491 2022 12 15 41730.40 570.579135 1809 58.77 6234 22.74
1492 2022 12 15 41730.40 570.979527 1810 58.80 6233 22.73
1493 2022 12 15 41731.40 571.379958 1809 58.77 6233 22.73
1494 2022 12 15 41731.40 571.780389 1810 58.80 6232 22.72
1495 2022 12 15 41732.00 571.780880 1810 58.80 6233 22.73
1496 2022 12 15 41732.00 572.181358 1810 58.80 6233 22.73
1497 2022 12 15 41733.00 572.581547 1810 58.80 6232 22.72
1498 2022 12 15 41733.00 572.981767 1809 58.77 6233 22.73
1499 2022 12 15 41733.00 573.382261 1810 58.80 6233 22.73
1500 2022 12 15 41734.00 573.782488 1809 58.77 6232 22.72
1501 2022 12 15 41734.40 574.182488 1809 58.77 6232 22.72
1502 2022 12 15 41734.40 574.582936 1809 58.77 6233 22.73
1503 2022 12 15 41735.40 574.983443 1809 58.77 6232 22.72
1504 2022 12 15 41735.40 575.383953 1809 58.77 6233 22.73
1505 2022 12 15 41735.40 575.784462 1810 58.80 6233 22.73
1506 2022 12 15 41736.40 576.184988 1809 58.77 6232 22.72
1507 2022 12 15 41736.40 576.585473 1809 58.77 6233 22.73
1508 2022 12 15 41737.40 576.985891 1809 58.77 6234 22.74
1509 2022 12 15 41737.40 577.386366 1809 58.77 6233 22.73
1510 2022 12 15 41737.40 577.786849 1810 58.80 6233 22.73
1511 2022 12 15 41738.40 578.187153 1809 58.77 6233 22.73
1512 2022 12 15 41738.40 578.587416 1810 58.80 6233 22.73
1513 2022 12 15 41739.40 578.987923 1809 58.77 6234 22.74
1514 2022 12 15 41739.40 579.388494 1809 58.77 6233 22.73
1515 2022 12 15 41739.40 579.789083 1810 58.80 6233 22.73
1516 2022 12 15 41740.40 580.189531 1810 58.80 6233 22.73
1517 2022 12 15 41740.40 580.589853 1809 58.77 6234 22.74
1518 2022 12 15 41741.00 580.590538 1810 58.80 6233 22.73
1519 2022 12 15 41741.00 580.990827 1810 58.80 6232 22.72
1520 2022 12 15 41741.00 581.391496 1810 58.80 6232 22.72
1521 2022 12 15 41742.00 581.792058 1810 58.80 6234 22.74
1522 2022 12 15 41742.00 582.192488 1809 58.77 6234 22.74
1523 2022 12 15 41743.00 582.592926 1809 58.77 6233 22.73
1524 2022 12 15 41743.40 582.992926 1809 58.77 6232 22.72
1525 2022 12 15 41743.40 583.393685 1810 58.80 6233 22.73
1526 2022 12 15 41743.40 583.794230 1809 58.77 6232 22.72
1527 2022 12 15 41744.40 584.194663 1810 58.80 6232 22.72
1528 2022 12 15 41744.40 584.595137 1809 58.77 6232 22.72
1529 2022 12 15 41745.40 584.995517 1809 58.77 6232 22.72
1530 2022 12 15 41745.40 585.395798 1809 58.77 6232 22.72
1531 2022 12 15 41745.40 585.796291 1810 58.80 6232 22.72
1532 2022 12 15 41746.40 586.196828 1810 58.80 6233 22.73
1533 2022 12 15 41746.40 586.597275 1810 58.80 6233 22.73
1534 2022 12 15 41747.40 586.997811 1810 58.80 6234 22.74
1535 2022 12 15 41747.40 587.398388 1809 58.77 6231 22.71
1536 2022 12 15 41747.40 587.798949 1809 58.77 6233 22.73
1537 2022 12 15 41748.40 588.199242 1810 58.80 6232 22.72
1538 2022 12 15 41748.40 588.599835 1810 58.80 6232 22.72
1539 2022 12 15 41749.00 588.600430 1810 58.80 6233 22.73
1540 2022 12 15 41749.00 589.001026 1810 58.80 6232 22.72
1541 2022 12 15 41749.00 589.401383 1810 58.80 6232 22.72
1542 2022 12 15 41750.00 589.801939 1809 58.77 6233 22.73
1543 2022 12 15 41750.00 590.202522 1810 58.80 6232 22.72
1544 2022 12 15 41751.00 590.603139 1810 58.80 6233 22.73
1545 2022 12 15 41751.40 591.003139 1810 58.80 6233 22.73
1546 2022 12 15 41751.40 591.403774 1810 58.80 6232 22.72
1547 2022 12 15 41751.40 591.804287 1810 58.80 6233 22.73
1548 2022 12 15 41752.40 592.204643 1810 58.80 6232 22.72
1549 2022 12 15 41752.40 592.605374 1810 58.80 6234 22.74
1550 2022 12 15 41753.40 593.006020 1810 58.80 6232 22.72
1551 2022 12 15 41753.40 593.406572 1810 58.80 6232 22.72
1552 2022 12 15 41753.40 593.806949 1810 58.80 6232 22.72
1553 2022 12 15 41754.40 594.207641 1810 58.80 6232 22.72
1554 2022 12 15 41754.40 594.608370 1810 58.80 6232 22.72
1555 2022 12 15 41755.40 595.009026 1810 58.80 6232 22.72
1556 2022 12 15 41755.40 595.409718 1810 58.80 6232 22.72
1557 2022 12 15 41755.40 595.810010 1810 58.80 6234 22.74
1558 2022 12 15 41756.40 596.210442 1810 58.80 6233 22.73
1559 2022 12 15 41756.40 596.610877 1810 58.80 6234 22.74
1560 2022 12 15 41757.40 597.011331 1811 58.83 6234 22.74
1561 2022 12 15 41757.00 597.011896 1811 58.83 6232 22.72
1562 2022 12 15 41757.00 597.412213 1810 58.80 6233 22.73
1563 2022 12 15 41758.00 597.812764 1810 58.80 6232 22.72
1564 2022 12 15 41758.00 598.213198 1810 58.80 6234 22.74
1565 2022 12 15 41759.00 598.613761 1810 58.80 6234 22.74
1566 2022 12 15 41759.00 599.014315 1810 58.80 6233 22.73
1567 2022 12 15 41759.40 599.414315 1811 58.83 6234 22.74
1568 2022 12 15 41759.40 599.814853 1810 58.80 6234 22.74
1569 2022 12 15 41760.40 600.215139 1811 58.83 6234 22.74
1570 2022 12 15 41760.40 600.615406 1810 58.80 