n anno mese giorno hum_int time RH_raw RH_true temp_int temp_corr
0 2022 12 15 43692.00 0.801119 1811 55.31 6238 22.78
1 2022 12 15 43692.40 1.201119 1811 58.84 6238 22.78
2 2022 12 15 43693.00 1.601736 1811 58.84 6237 22.77
3 2022 12 15 43693.40 2.001736 1811 58.84 6237 22.77
4 2022 12 15 43694.00 2.402311 1811 58.84 6237 22.77
5 2022 12 15 43694.40 2.802311 1811 58.84 6237 22.77
6 2022 12 15 43695.00 3.202948 1811 58.84 6236 22.76
7 2022 12 15 43695.40 3.602948 1811 58.84 6238 22.78
8 2022 12 15 43695.80 4.002948 1811 58.84 6237 22.77
9 2022 12 15 43695.40 4.403388 1811 58.84 6237 22.77
10 2022 12 15 43695.80 4.803388 1811 58.84 6237 22.77
11 2022 12 15 43696.40 5.204034 1811 58.84 6237 22.77
12 2022 12 15 43696.80 5.604034 1811 58.84 6236 22.76
13 2022 12 15 43697.40 6.004686 1811 58.84 6238 22.78
14 2022 12 15 43697.80 6.404686 1811 58.84 6238 22.78
15 2022 12 15 43698.40 6.805051 1811 58.84 6238 22.78
16 2022 12 15 43698.80 7.205051 1811 58.84 6237 22.77
17 2022 12 15 43699.40 7.605276 1810 58.81 6238 22.78
18 2022 12 15 43699.80 8.005276 1811 58.84 6238 22.78
19 2022 12 15 43699.40 8.405775 1811 58.84 6237 22.77
20 2022 12 15 43699.80 8.805775 1810 58.81 6238 22.78
21 2022 12 15 43700.40 9.206361 1811 58.84 6238 22.78
22 2022 12 15 43700.80 9.606361 1810 58.81 6239 22.79
23 2022 12 15 43701.40 10.006924 1811 58.84 6238 22.78
24 2022 12 15 43701.80 10.406924 1810 58.81 6237 22.77
25 2022 12 15 43702.00 10.407494 1811 58.84 6238 22.78
26 2022 12 15 43702.40 10.807494 1810 58.81 6238 22.78
27 2022 12 15 43703.00 11.208073 1810 58.81 6237 22.77
28 2022 12 15 43703.40 11.608073 1811 58.84 6237 22.77
29 2022 12 15 43703.00 12.008647 1810 58.81 6238 22.78
30 2022 12 15 43703.40 12.408647 1810 58.81 6238 22.78
31 2022 12 15 43703.80 12.808647 1810 58.81 6238 22.78
32 2022 12 15 43704.40 13.209237 1810 58.81 6238 22.78
33 2022 12 15 43704.80 13.609237 1810 58.81 6238 22.78
34 2022 12 15 43705.40 14.009515 1811 58.84 6238 22.78
35 2022 12 15 43705.80 14.409515 1810 58.81 6237 22.77
36 2022 12 15 43706.40 14.809783 1810 58.81 6238 22.78
37 2022 12 15 43706.80 15.209783 1810 58.81 6238 22.78
38 2022 12 15 43707.40 15.610166 1810 58.81 6237 22.77
39 2022 12 15 43707.80 16.010166 1810 58.81 6237 22.77
40 2022 12 15 43707.40 16.410702 1810 58.81 6237 22.77
41 2022 12 15 43707.80 16.810702 1810 58.81 6237 22.77
42 2022 12 15 43708.40 17.211326 1810 58.81 6237 22.77
43 2022 12 15 43708.80 17.611326 1811 58.84 6237 22.77
44 2022 12 15 43709.40 18.011929 1810 58.81 6237 22.77
45 2022 12 15 43709.80 18.411929 1810 58.81 6237 22.77
46 2022 12 15 43710.00 18.412574 1810 58.81 6237 22.77
47 2022 12 15 43710.40 18.812574 1810 58.81 6237 22.77
48 2022 12 15 43711.00 19.213219 1810 58.81 6237 22.77
49 2022 12 15 43711.40 19.613219 1810 58.81 6237 22.77
50 2022 12 15 43711.00 20.013887 1810 58.81 6237 22.77
51 2022 12 15 43711.40 20.413887 1810 58.81 6238 22.78
52 2022 12 15 43711.80 20.813887 1810 58.81 6236 22.76
53 2022 12 15 43712.40 21.214443 1810 58.81 6236 22.76
54 2022 12 15 43712.80 21.614443 1811 58.84 6236 22.76
55 2022 12 15 43713.40 22.015008 1810 58.81 6236 22.76
56 2022 12 15 43713.80 22.415008 1810 58.81 6236 22.76
57 2022 12 15 43714.40 22.815360 1811 58.84 6236 22.76
58 2022 12 15 43714.80 23.215360 1810 58.81 6236 22.76
59 2022 12 15 43715.40 23.615558 1811 58.84 6236 22.76
60 2022 12 15 43715.80 24.015558 1811 58.84 6238 22.78
61 2022 12 15 43715.40 24.415755 1811 58.84 6237 22.77
62 2022 12 15 43715.80 24.815755 1811 58.84 6237 22.77
63 2022 12 15 43716.40 25.216177 1811 58.84 6237 22.77
64 2022 12 15 43716.80 25.616177 1811 58.84 6237 22.77
65 2022 12 15 43717.40 26.016540 1811 58.84 6236 22.76
66 2022 12 15 43717.80 26.416540 1811 58.84 6236 22.76
67 2022 12 15 43718.40 26.816990 1811 58.84 6237 22.77
68 2022 12 15 43718.80 27.216990 1811 58.84 6237 22.77
69 2022 12 15 43719.00 27.217443 1810 58.81 6236 22.76
70 2022 12 15 43719.40 27.617443 1811 58.84 6237 22.77
71 2022 12 15 43719.00 28.017942 1811 58.84 6236 22.76
72 2022 12 15 43719.40 28.417942 1811 58.84 6236 22.76
73 2022 12 15 43720.00 28.818471 1810 58.81 6237 22.77
74 2022 12 15 43720.40 29.218471 1811 58.84 6236 22.76
75 2022 12 15 43720.80 29.618471 1811 58.84 6236 22.76
76 2022 12 15 43721.40 30.018772 1811 58.84 6236 22.76
77 2022 12 15 43721.80 30.418772 1811 58.84 6238 22.78
78 2022 12 15 43722.40 30.819322 1811 58.84 6236 22.76
79 2022 12 15 43722.80 31.219322 1811 58.84 6237 22.77
80 2022 12 15 43723.40 31.619595 1811 58.84 6238 22.78
81 2022 12 15 43723.80 32.019595 1811 58.84 6238 22.78
82 2022 12 15 43723.40 32.420039 1812 58.87 6238 22.78
83 2022 12 15 43723.80 32.820039 1811 58.84 6237 22.77
84 2022 12 15 43724.40 33.220636 1811 58.84 6237 22.77
85 2022 12 15 43724.80 33.620636 1812 58.87 6238 22.78
86 2022 12 15 43725.40 34.021188 1811 58.84 6238 22.78
87 2022 12 15 43725.80 34.421188 1811 58.84 6239 22.79
88 2022 12 15 43726.40 34.821685 1811 58.84 6238 22.78
89 2022 12 15 43726.80 35.221685 1811 58.84 6238 22.78
90 2022 12 15 43727.00 35.221954 1811 58.84 6238 22.78
91 2022 12 15 43727.40 35.621954 1811 58.84 6238 22.78
92 2022 12 15 43727.00 36.022532 1811 58.84 6239 22.79
93 2022 12 15 43727.40 36.422532 1811 58.84 6238 22.78
94 2022 12 15 43728.00 36.823113 1811 58.84 6238 22.78
95 2022 12 15 43728.40 37.223113 1811 58.84 6239 22.79
96 2022 12 15 43728.80 37.623113 1811 58.84 6240 22.80
97 2022 12 15 43729.40 38.023736 1811 58.84 6239 22.79
98 2022 12 15 43729.80 38.423736 1810 58.81 6240 22.80
99 2022 12 15 43730.40 38.823999 1811 58.84 6238 22.78
100 2022 12 15 43730.80 39.223999 1811 58.84 6238 22.78
101 2022 12 15 43731.40 39.624611 1811 58.84 6238 22.78
102 2022 12 15 43731.80 40.024611 1811 58.84 6239 22.79
103 2022 12 15 43731.40 40.425161 1811 58.84 6238 22.78
104 2022 12 15 43731.80 40.825161 1811 58.84 6239 22.79
105 2022 12 15 43732.40 41.225790 1811 58.84 6239 22.79
106 2022 12 15 43732.80 41.625790 1812 58.87 6238 22.78
107 2022 12 15 43733.40 42.026448 1811 58.84 6240 22.80
108 2022 12 15 43733.80 42.426448 1811 58.84 6239 22.79
109 2022 12 15 43734.40 42.827041 1811 58.84 6239 22.79
110 2022 12 15 43734.80 43.227041 1811 58.84 6239 22.79
111 2022 12 15 43735.40 43.627570 1811 58.84 6240 22.80
112 2022 12 15 43735.80 44.027570 1811 58.84 6240 22.80
113 2022 12 15 43735.00 44.027851 1811 58.84 6240 22.80
114 2022 12 15 43735.40 44.427851 1810 58.81 6240 22.80
115 2022 12 15 43736.00 44.828500 1811 58.84 6240 22.80
116 2022 12 15 43736.40 45.228500 1811 58.84 6240 22.80
117 2022 12 15 43737.00 45.629157 1811 58.84 6241 22.81
118 2022 12 15 43737.40 46.029157 1811 58.84 6239 22.79
119 2022 12 15 43737.80 46.429157 1811 58.84 6241 22.81
120 2022 12 15 43738.40 46.829771 1811 58.84 6242 22.82
121 2022 12 15 43738.80 47.229771 1811 58.85 6240 22.80
122 2022 12 15 43739.40 47.630439 1811 58.84 6241 22.81
123 2022 12 15 43739.80 48.030439 1810 58.81 6240 22.80
124 2022 12 15 43739.40 48.430982 1810 58.81 6240 22.80
125 2022 12 15 43739.80 48.830982 1810 58.81 6241 22.81
126 2022 12 15 43740.40 49.231234 1810 58.81 6240 22.80
127 2022 12 15 43740.80 49.631234 1810 58.81 6240 22.80
128 2022 12 15 43741.40 50.031487 1810 58.81 6240 22.80
129 2022 12 15 43741.80 50.431487 1810 58.81 6241 22.81
130 2022 12 15 43742.40 50.831749 1810 58.81 6242 22.82
131 2022 12 15 43742.80 51.231749 1810 58.82 6240 22.80
132 2022 12 15 43743.40 51.632039 1810 58.81 6242 22.82
133 2022 12 15 43743.80 52.032039 1810 58.82 6241 22.81
134 2022 12 15 43743.00 52.032309 1810 58.81 6241 22.81
135 2022 12 15 43743.40 52.432309 1810 58.81 6240 22.80
136 2022 12 15 43744.00 52.832520 1809 58.78 6241 22.81
137 2022 12 15 43744.40 53.232520 1810 58.81 6241 22.81
138 2022 12 15 43745.00 53.632797 1809 58.78 6242 22.82
139 2022 12 15 43745.40 54.032797 1809 58.78 6241 22.81
140 2022 12 15 43745.80 54.432797 1809 58.78 6241 22.81
141 2022 12 15 43746.40 54.833146 1810 58.81 6240 22.80
142 2022 12 15 43746.80 55.233146 1810 58.81 6240 22.80
143 2022 12 15 43747.40 55.633422 1809 58.78 6242 22.82
144 2022 12 15 43747.80 56.033422 1809 58.78 6242 22.82
145 2022 12 15 43747.40 56.433693 1809 58.78 6240 22.80
146 2022 12 15 43747.80 56.833693 1809 58.78 6241 22.81
147 2022 12 15 43748.40 57.233962 1808 58.75 6242 22.82
148 2022 12 15 43748.80 57.633962 1809 58.78 6241 22.81
149 2022 12 15 43749.40 58.034536 1809 58.78 6240 22.80
150 2022 12 15 43749.80 58.434536 1809 58.78 6241 22.81
151 2022 12 15 43750.40 58.834958 1809 58.78 6240 22.80
152 2022 12 15 43750.80 59.234958 1809 58.78 6240 22.80
153 2022 12 15 43751.40 59.635298 1809 58.78 6241 22.81
154 2022 12 15 43751.80 60.035298 1809 58.78 6241 22.81
155 2022 12 15 43751.40 60.435906 1809 58.78 6242 22.82
156 2022 12 15 43751.80 60.835906 1808 58.75 6242 22.82
157 2022 12 15 43752.00 60.836426 1809 58.78 6241 22.81
158 2022 12 15 43752.40 61.236426 1809 58.78 6241 22.81
159 2022 12 15 43753.00 61.636998 1809 58.78 6242 22.82
160 2022 12 15 43753.40 62.036998 1809 58.78 6240 22.80
161 2022 12 15 43754.00 62.437572 1809 58.78 6241 22.81
162 2022 12 15 43754.40 62.837572 1808 58.75 6242 22.82
163 2022 12 15 43754.80 63.237572 1809 58.78 6242 22.82
164 2022 12 15 43755.40 63.638241 1809 58.78 6241 22.81
165 2022 12 15 43755.80 64.038241 1809 58.78 6241 22.81
166 2022 12 15 43755.40 64.438649 1809 58.78 6241 22.81
167 2022 12 15 43755.80 64.838649 1809 58.78 6241 22.81
168 2022 12 15 43756.40 65.239243 1808 58.75 6242 22.82
169 2022 12 15 43756.80 65.639243 1809 58.78 6242 22.82
170 2022 12 15 43757.40 66.039722 1809 58.78 6242 22.82
171 2022 12 15 43757.80 66.439722 1808 58.75 6242 22.82
172 2022 12 15 43758.40 66.840332 1809 58.78 6242 22.82
173 2022 12 15 43758.80 67.240332 1808 58.75 6241 22.81
174 2022 12 15 43759.40 67.640939 1809 58.78 6241 22.81
175 2022 12 15 43759.80 68.040939 1809 58.78 6242 22.82
176 2022 12 15 43759.40 68.441433 1809 58.78 6242 22.82
177 2022 12 15 43759.80 68.841433 1809 58.78 6242 22.82
178 2022 12 15 43760.40 69.242013 1809 58.78 6241 22.81
179 2022 12 15 43760.80 69.642013 1809 58.78 6242 22.82
180 2022 12 15 43761.00 69.642361 1809 58.78 6242 22.82
181 2022 12 15 43761.40 70.042361 1809 58.78 6241 22.81
182 2022 12 15 43762.00 70.443004 1809 58.78 6242 22.82
183 2022 12 15 43762.40 70.843004 1809 58.78 6242 22.82
184 2022 12 15 43763.00 71.243654 1809 58.78 6242 22.82
185 2022 12 15 43763.40 71.643654 1809 58.78 6242 22.82
186 2022 12 15 43763.80 72.043654 1809 58.78 6241 22.81
187 2022 12 15 43763.40 72.443931 1809 58.78 6242 22.82
188 2022 12 15 43763.80 72.843931 1809 58.78 6242 22.82
189 2022 12 15 43764.40 73.244475 1809 58.78 6241 22.81
190 2022 12 15 43764.80 73.644475 1809 58.78 6242 22.82
191 2022 12 15 43765.40 74.044755 1809 58.78 6241 22.81
192 2022 12 15 43765.80 74.444755 1809 58.78 6242 22.82
193 2022 12 15 43766.40 74.845417 1808 58.75 6242 22.82
194 2022 12 15 43766.80 75.245417 1809 58.78 6241 22.81
195 2022 12 15 43767.40 75.646050 1808 58.75 6241 22.81
196 2022 12 15 43767.80 76.046050 1809 58.78 6241 22.81
197 2022 12 15 43767.40 76.446286 1808 58.75 6240 22.80
198 2022 12 15 43767.80 76.846286 1809 58.78 6242 22.82
199 2022 12 15 43768.40 77.246532 1809 58.78 6241 22.81
200 2022 12 15 43768.80 77.646532 1808 58.75 6241 22.81
201 2022 12 15 43769.00 77.646967 1809 58.78 6241 22.81
202 2022 12 15 43769.40 78.046967 1809 58.78 6241 22.81
203 2022 12 15 43770.00 78.447369 1809 58.78 6241 22.81
204 2022 12 15 43770.40 78.847369 1809 58.78 6240 22.80
205 2022 12 15 43771.00 79.247880 1809 58.78 6240 22.80
206 2022 12 15 43771.40 79.647880 1809 58.78 6240 22.80
207 2022 12 15 43771.80 80.047880 1809 58.78 6241 22.81
208 2022 12 15 43771.40 80.448407 1809 58.78 6240 22.80
209 2022 12 15 43771.80 80.848407 1809 58.78 6240 22.80
210 2022 12 15 43772.40 81.248916 1809 58.78 6241 22.81
211 2022 12 15 43772.80 81.648916 1809 58.78 6240 22.80
212 2022 12 15 43773.40 82.049323 1808 58.75 6240 22.80
213 2022 12 15 43773.80 82.449323 1809 58.78 6242 22.82
214 2022 12 15 43774.40 82.849860 1809 58.78 6241 22.81
215 2022 12 15 43774.80 83.249860 1809 58.78 6240 22.80
216 2022 12 15 43775.40 83.650352 1809 58.78 6240 22.80
217 2022 12 15 43775.80 84.050352 1809 58.78 6242 22.82
218 2022 12 15 43775.40 84.450881 1809 58.78 6240 22.80
219 2022 12 15 43775.80 84.850881 1809 58.78 6240 22.80
220 2022 12 15 43776.40 85.251427 1809 58.78 6241 22.81
221 2022 12 15 43776.80 85.651427 1809 58.78 6241 22.81
222 2022 12 15 43777.40 86.051678 1809 58.78 6240 22.80
223 2022 12 15 43777.80 86.451678 1809 58.78 6241 22.81
224 2022 12 15 43778.00 86.451967 1809 58.78 6241 22.81
225 2022 12 15 43778.40 86.851967 1809 58.78 6241 22.81
226 2022 12 15 43779.00 87.252368 1809 58.78 6241 22.81
227 2022 12 15 43779.40 87.652368 1809 58.78 6241 22.81
228 2022 12 15 43779.00 88.052909 1809 58.78 6241 22.81
229 2022 12 15 43779.40 88.452909 1809 58.78 6241 22.81
230 2022 12 15 43779.80 88.852909 1809 58.78 6242 22.82
231 2022 12 15 43780.40 89.253385 1809 58.78 6240 22.80
232 2022 12 15 43780.80 89.653385 1809 58.78 6241 22.81
233 2022 12 15 43781.40 90.053768 1809 58.78 6242 22.82
234 2022 12 15 43781.80 90.453768 1809 58.78 6241 22.81
235 2022 12 15 43782.40 90.854411 1809 58.78 6240 22.80
236 2022 12 15 43782.80 91.254411 1809 58.78 6241 22.81
237 2022 12 15 43783.40 91.655082 1809 58.78 6242 22.82
238 2022 12 15 43783.80 92.055082 1809 58.78 6242 22.82
239 2022 12 15 43783.40 92.455695 1809 58.78 6241 22.81
240 2022 12 15 43783.80 92.855695 1809 58.78 6242 22.82
241 2022 12 15 43784.40 93.256299 1809 58.78 6241 22.81
242 2022 12 15 43784.80 93.656299 1809 58.78 6241 22.81
243 2022 12 15 43785.40 94.056997 1809 58.78 6241 22.81
244 2022 12 15 43785.80 94.456997 1809 58.78 6240 22.80
245 2022 12 15 43786.40 94.857718 1809 58.78 6240 22.80
246 2022 12 15 43786.80 95.257718 1809 58.78 6240 22.80
247 2022 12 15 43787.00 95.258508 1808 58.75 6241 22.81
248 2022 12 15 43787.40 95.658508 1809 58.78 6240 22.80
249 2022 12 15 43787.00 96.059252 1809 58.78 6240 22.80
250 2022 12 15 43787.40 96.459252 1809 58.78 6240 22.80
251 2022 12 15 43788.00 96.860049 1809 58.78 6240 22.80
252 2022 12 15 43788.40 97.260049 1809 58.78 6240 22.80
253 2022 12 15 43788.80 97.660049 1809 58.78 6240 22.80
254 2022 12 15 43789.40 98.060911 1808 58.75 6241 22.81
255 2022 12 15 43789.80 98.460911 1808 58.75 6240 22.80
256 2022 12 15 43790.40 98.861460 1808 58.75 6240 22.80
257 2022 12 15 43790.80 99.261460 1808 58.75 6240 22.80
258 2022 12 15 43791.40 99.661773 1809 58.78 6240 22.80
259 2022 12 15 43791.80 100.061773 1809 58.78 6240 22.80
260 2022 12 15 43791.40 100.462066 1808 58.75 6240 22.80
261 2022 12 15 43791.80 100.862066 1808 58.75 6240 22.80
262 2022 12 15 43792.40 101.262567 1809 58.78 6240 22.80
263 2022 12 15 43792.80 101.662567 1808 58.75 6240 22.80
264 2022 12 15 43793.40 102.063150 1809 58.78 6240 22.80
265 2022 12 15 43793.80 102.463150 1808 58.75 6240 22.80
266 2022 12 15 43794.40 102.863726 1809 58.78 6239 22.79
267 2022 12 15 43794.80 103.263726 1808 58.75 6240 22.80
268 2022 12 15 43795.00 103.264435 1808 58.75 6240 22.80
269 2022 12 15 43795.40 103.664435 1809 58.78 6241 22.81
270 2022 12 15 43795.00 104.064810 1809 58.78 6240 22.80
271 2022 12 15 43795.40 104.464810 1809 58.78 6240 22.80
272 2022 12 15 43796.00 104.865458 1809 58.78 6240 22.80
273 2022 12 15 43796.40 105.265458 1808 58.75 6241 22.81
274 2022 12 15 43796.80 105.665458 1808 58.75 6240 22.80
275 2022 12 15 43797.40 106.066185 1809 58.78 6240 22.80
276 2022 12 15 43797.80 106.466185 1808 58.75 6240 22.80
277 2022 12 15 43798.40 106.866870 1809 58.78 6240 22.80
278 2022 12 15 43798.80 107.266870 1808 58.75 6240 22.80
279 2022 12 15 43799.40 107.667262 1809 58.78 6240 22.80
280 2022 12 15 43799.80 108.067262 1808 58.75 6240 22.80
281 2022 12 15 43799.40 108.467935 1809 58.78 6240 22.80
282 2022 12 15 43799.80 108.867935 1809 58.78 6240 22.80
283 2022 12 15 43800.40 109.268341 1808 58.75 6240 22.80
284 2022 12 15 43800.80 109.668341 1809 58.78 6240 22.80
285 2022 12 15 43801.40 110.068601 1809 58.78 6240 22.80
286 2022 12 15 43801.80 110.468601 1809 58.78 6240 22.80
287 2022 12 15 43802.40 110.869542 1809 58.78 6240 22.80
288 2022 12 15 43802.80 111.269542 1809 58.78 6239 22.79
289 2022 12 15 43803.40 111.669816 1809 58.78 6240 22.80
290 2022 12 15 43803.80 112.069816 1808 58.75 6240 22.80
291 2022 12 15 43803.00 112.070053 1808 58.75 6240 22.80
292 2022 12 15 43803.40 112.470053 1809 58.78 6239 22.79
293 2022 12 15 43804.00 112.870325 1809 58.78 6240 22.80
294 2022 12 15 43804.40 113.270325 1809 58.78 6240 22.80
295 2022 12 15 43805.00 113.670908 1809 58.78 6240 22.80
296 2022 12 15 43805.40 114.070908 1809 58.78 6240 22.80
297 2022 12 15 43805.80 114.470908 1809 58.78 6240 22.80
298 2022 12 15 43806.40 114.871601 1809 58.78 6239 22.79
299 2022 12 15 43806.80 115.271601 1809 58.78 6240 22.80
300 2022 12 15 43807.40 115.672205 1808 58.75 6240 22.80
301 2022 12 15 43807.80 116.072205 1809 58.78 6240 22.80
302 2022 12 15 43807.40 116.472804 1809 58.78 6241 22.81
303 2022 12 15 43807.80 116.872804 1809 58.78 6240 22.80
304 2022 12 15 43808.40 117.273476 1809 58.78 6240 22.80
305 2022 12 15 43808.80 117.673476 1808 58.75 6241 22.81
306 2022 12 15 43809.40 118.074132 1809 58.78 6240 22.80
307 2022 12 15 43809.80 118.474132 1809 58.78 6240 22.80
308 2022 12 15 43810.40 118.874673 1809 58.78 6240 22.80
309 2022 12 15 43810.80 119.274673 1808 58.75 6239 22.79
310 2022 12 15 43811.40 119.675097 1809 58.78 6240 22.80
311 2022 12 15 43811.80 120.075097 1809 58.78 6241 22.81
312 2022 12 15 43811.00 120.075701 1809 58.78 6240 22.80
313 2022 12 15 43811.40 120.475701 1809 58.78 6240 22.80
314 2022 12 15 43812.00 120.876287 1809 58.78 6240 22.80
315 2022 12 15 43812.40 121.276287 1808 58.75 6240 22.80
316 2022 12 15 43813.00 121.676654 1809 58.78 6241 22.81
317 2022 12 15 43813.40 122.076654 1808 58.75 6240 22.80
318 2022 12 15 43813.80 122.476654 1809 58.78 6240 22.80
319 2022 12 15 43814.40 122.877007 1808 58.75 6240 22.80
320 2022 12 15 43814.80 123.277007 1809 58.78 6240 22.80
321 2022 12 15 43815.40 123.677340 1808 58.75 6241 22.81
322 2022 12 15 43815.80 124.077340 1809 58.78 6240 22.80
323 2022 12 15 43815.40 124.477663 1809 58.78 6240 22.80
324 2022 12 15 43815.80 124.877663 1808 58.75 6240 22.80
325 2022 12 15 43816.40 125.278070 1809 58.78 6241 22.81
326 2022 12 15 43816.80 125.678070 1809 58.78 6240 22.80
327 2022 12 15 43817.40 126.078474 1809 58.78 6241 22.81
328 2022 12 15 43817.80 126.478474 1809 58.78 6240 22.80
329 2022 12 15 43818.40 126.878897 1809 58.78 6241 22.81
330 2022 12 15 43818.80 127.278897 1809 58.78 6240 22.80
331 2022 12 15 43819.40 127.679125 1809 58.78 6242 22.82
332 2022 12 15 43819.80 128.079125 1809 58.78 6240 22.80
333 2022 12 15 43819.40 128.479565 1809 58.78 6240 22.80
334 2022 12 15 43819.80 128.879565 1809 58.78 6240 22.80
335 2022 12 15 43820.00 128.879807 1809 58.78 6240 22.80
336 2022 12 15 43820.40 129.279807 1809 58.78 6241 22.81
337 2022 12 15 43821.00 129.680085 1810 58.81 6241 22.81
338 2022 12 15 43821.40 130.080085 1810 58.81 6240 22.80
339 2022 12 15 43822.00 130.480319 1810 58.81 6240 22.80
340 2022 12 15 43822.40 130.880319 1810 58.81 6240 22.80
341 2022 12 15 43822.80 131.280319 1810 58.81 6239 22.79
342 2022 12 15 43823.40 131.680627 1810 58.81 6240 22.80
343 2022 12 15 43823.80 132.080627 1810 58.81 6239 22.79
344 2022 12 15 43823.40 132.480899 1810 58.81 6239 22.79
345 2022 12 15 43823.80 132.880899 1810 58.81 6238 22.78
346 2022 12 15 43824.40 133.281117 1810 58.81 6239 22.79
347 2022 12 15 43824.80 133.681117 1810 58.81 6238 22.78
348 2022 12 15 43825.40 134.081393 1810 58.81 6238 22.78
349 2022 12 15 43825.80 134.481393 1810 58.81 6238 22.78
350 2022 12 15 43826.40 134.881668 1810 58.81 6239 22.79
351 2022 12 15 43826.80 135.281668 1811 58.84 6238 22.78
352 2022 12 15 43827.40 135.681947 1811 58.84 6239 22.79
353 2022 12 15 43827.80 136.081947 1810 58.81 6238 22.78
354 2022 12 15 43827.40 136.482221 1810 58.81 6239 22.79
355 2022 12 15 43827.80 136.882221 1810 58.81 6238 22.78
356 2022 12 15 43828.00 136.882443 1810 58.81 6238 22.78
357 2022 12 15 43828.40 137.282443 1810 58.81 6239 22.79
358 2022 12 15 43829.00 137.682642 1810 58.81 6239 22.79
359 2022 12 15 43829.40 138.082642 1810 58.81 6239 22.79
360 2022 12 15 43830.00 138.482878 1810 58.81 6239 22.79
361 2022 12 15 43830.40 138.882878 1811 58.84 6238 22.78
362 2022 12 15 43830.80 139.282878 1810 58.81 6238 22.78
363 2022 12 15 43831.40 139.683203 1810 58.81 6238 22.78
364 2022 12 15 43831.80 140.083203 1811 58.84 6239 22.79
365 2022 12 15 43831.40 140.483477 1811 58.84 6238 22.78
366 2022 12 15 43831.80 140.883477 1811 58.84 6238 22.78
367 2022 12 15 43832.40 141.283816 1811 58.84 6238 22.78
368 2022 12 15 43832.80 141.683816 1811 58.84 6238 22.78
369 2022 12 15 43833.40 142.084111 1811 58.84 6239 22.79
370 2022 12 15 43833.80 142.484111 1811 58.84 6239 22.79
371 2022 12 15 43834.40 142.884389 1811 58.84 6239 22.79
372 2022 12 15 43834.80 143.284389 1812 58.87 6238 22.78
373 2022 12 15 43835.40 143.684678 1811 58.84 6240 22.80
374 2022 12 15 43835.80 144.084678 1811 58.84 6238 22.78
375 2022 12 15 43835.40 144.484931 1811 58.84 6238 22.78
376 2022 12 15 43835.80 144.884931 1811 58.84 6238 22.78
377 2022 12 15 43836.40 145.285206 1812 58.87 6239 22.79
378 2022 12 15 43836.80 145.685206 1812 58.87 6238 22.78
379 2022 12 15 43837.00 145.685492 1812 58.87 6239 22.79
380 2022 12 15 43837.40 146.085492 1812 58.87 6240 22.80
381 2022 12 15 43838.00 146.485774 1812 58.87 6239 22.79
382 2022 12 15 43838.40 146.885774 1812 58.87 6239 22.79
383 2022 12 15 43839.00 147.286037 1812 58.87 6238 22.78
384 2022 12 15 43839.40 147.686037 1811 58.84 6238 22.78
385 2022 12 15 43839.80 148.086037 1812 58.87 6238 22.78
386 2022 12 15 43839.40 148.486401 1812 58.87 6238 22.78
387 2022 12 15 43839.80 148.886401 1812 58.87 6238 22.78
388 2022 12 15 43840.40 149.286673 1812 58.87 6238 22.78
389 2022 12 15 43840.80 149.686673 1812 58.87 6238 22.78
390 2022 12 15 43841.40 150.086919 1812 58.87 6237 22.77
391 2022 12 15 43841.80 150.486919 1812 58.87 6239 22.79
392 2022 12 15 43842.40 150.887214 1812 58.87 6239 22.79
393 2022 12 15 43842.80 151.287214 1812 58.87 6238 22.78
394 2022 12 15 43843.40 151.687493 1811 58.84 6238 22.78
395 2022 12 15 43843.80 152.087493 1812 58.87 6238 22.78
396 2022 12 15 43843.40 152.487771 1812 58.87 6238 22.78
397 2022 12 15 43843.80 152.887771 1812 58.87 6238 22.78
398 2022 12 15 43844.40 153.288089 1812 58.87 6237 22.77
399 2022 12 15 43844.80 153.688089 1812 58.87 6238 22.78
400 2022 12 15 43845.40 154.088366 1812 58.87 6237 22.77
401 2022 12 15 43845.80 154.488366 1812 58.87 6238 22.78
402 2022 12 15 43846.00 154.488707 1812 58.87 6238 22.78
403 2022 12 15 43846.40 154.888707 1812 58.87 6238 22.78
404 2022 12 15 43847.00 155.289016 1812 58.87 6237 22.77
405 2022 12 15 43847.40 155.689016 1812 58.87 6239 22.79
406 2022 12 15 43847.00 156.089290 1812 58.87 6238 22.78
407 2022 12 15 43847.40 156.489290 1812 58.87 6238 22.78
408 2022 12 15 43847.80 156.889290 1812 58.87 6238 22.78
409 2022 12 15 43848.40 157.289611 1812 58.87 6238 22.78
410 2022 12 15 43848.80 157.689611 1812 58.87 6237 22.77
411 2022 12 15 43849.40 158.089893 1812 58.87 6238 22.78
412 2022 12 15 43849.80 158.489893 1811 58.84 6238 22.78
413 2022 12 15 43850.40 158.890173 1812 58.87 6238 22.78
414 2022 12 15 43850.80 159.290173 1812 58.87 6239 22.79
415 2022 12 15 43851.40 159.690446 1811 58.84 6239 22.79
416 2022 12 15 43851.80 160.090446 1812 58.87 6238 22.78
417 2022 12 15 43851.40 160.490721 1812 58.87 6238 22.78
418 2022 12 15 43851.80 160.890721 1812 58.87 6238 22.78
419 2022 12 15 43852.40 161.291027 1812 58.87 6238 22.78
420 2022 12 15 43852.80 161.691027 1812 58.87 6239 22.79
421 2022 12 15 43853.40 162.091303 1812 58.87 6238 22.78
422 2022 12 15 43853.80 162.491303 1812 58.87 6238 22.78
423 2022 12 15 43854.00 162.491592 1811 58.84 6238 22.78
424 2022 12 15 43854.40 162.891592 1812 58.87 6240 22.80
425 2022 12 15 43855.00 163.291894 1812 58.87 6239 22.79
426 2022 12 15 43855.40 163.691894 1812 58.87 6240 22.80
427 2022 12 15 43855.00 164.092163 1812 58.87 6239 22.79
428 2022 12 15 43855.40 164.492163 1812 58.87 6239 22.79
429 2022 12 15 43855.80 164.892163 1812 58.87 6239 22.79
430 2022 12 15 43856.40 165.292478 1812 58.87 6239 22.79
431 2022 12 15 43856.80 165.692478 1812 58.87 6239 22.79
432 2022 12 15 43857.40 166.092758 1812 58.87 6240 22.80
433 2022 12 15 43857.80 166.492758 1812 58.87 6239 22.79
434 2022 12 15 43858.40 166.893060 1812 58.87 6238 22.78
435 2022 12 15 43858.80 167.293060 1812 58.87 6239 22.79
436 2022 12 15 43859.40 167.693336 1812 58.87 6238 22.78
437 2022 12 15 43859.80 168.093336 1812 58.87 6239 22.79
438 2022 12 15 43859.40 168.493621 1812 58.87 6239 22.79
439 2022 12 15 43859.80 168.893621 1812 58.87 6239 22.79
440 2022 12 15 43860.40 169.293963 1812 58.87 6240 22.80
441 2022 12 15 43860.80 169.693963 1812 58.87 6240 22.80
442 2022 12 15 43861.40 170.094243 1812 58.87 6239 22.79
443 2022 12 15 43861.80 170.494243 1812 58.87 6239 22.79
444 2022 12 15 43862.40 170.894523 1812 58.87 6240 22.80
445 2022 12 15 43862.80 171.294523 1812 58.87 6239 22.79
446 2022 12 15 43863.00 171.294825 1812 58.87 6239 22.79
447 2022 12 15 43863.40 171.694825 1812 58.87 6239 22.79
448 2022 12 15 43863.00 172.095121 1812 58.87 6239 22.79
449 2022 12 15 43863.40 172.495121 1812 58.87 6239 22.79
450 2022 12 15 43864.00 172.895401 1812 58.87 6239 22.79
451 2022 12 15 43864.40 173.295401 1812 58.87 6238 22.78
452 2022 12 15 43864.80 173.695401 1812 58.87 6240 22.80
453 2022 12 15 43865.40 174.095724 1812 58.87 6239 22.79
454 2022 12 15 43865.80 174.495724 1811 58.84 6240 22.80
455 2022 12 15 43866.40 174.896023 1811 58.84 6240 22.80
456 2022 12 15 43866.80 175.296023 1811 58.84 6238 22.78
457 2022 12 15 43867.40 175.696297 1811 58.84 6239 22.79
458 2022 12 15 43867.80 176.096297 1811 58.84 6239 22.79
459 2022 12 15 43867.40 176.496586 1811 58.84 6239 22.79
460 2022 12 15 43867.80 176.896586 1810 58.81 6238 22.78
461 2022 12 15 43868.40 177.296880 1811 58.84 6239 22.79
462 2022 12 15 43868.80 177.696880 1811 58.84 6238 22.78
463 2022 12 15 43869.40 178.097161 1811 58.84 6239 22.79
464 2022 12 15 43869.80 178.497161 1811 58.84 6239 22.79
465 2022 12 15 43870.40 178.897437 1811 58.84 6239 22.79
466 2022 12 15 43870.80 179.297437 1810 58.81 6240 22.80
467 2022 12 15 43871.00 179.297750 1810 58.81 6238 22.78
468 2022 12 15 43871.40 179.697750 1811 58.84 6239 22.79
469 2022 12 15 43871.00 180.097930 1810 58.81 6239 22.79
470 2022 12 15 43871.40 180.497930 1810 58.81 6240 22.80
471 2022 12 15 43872.00 180.898210 1811 58.84 6239 22.79
472 2022 12 15 43872.40 181.298210 1810 58.81 6238 22.78
473 2022 12 15 43873.00 181.698494 1810 58.81 6240 22.80
474 2022 12 15 43873.40 182.098494 1810 58.81 6239 22.79
475 2022 12 15 43873.80 182.498494 1811 58.84 6240 22.80
476 2022 12 15 43874.40 182.898821 1810 58.81 6239 22.79
477 2022 12 15 43874.80 183.298821 1810 58.81 6240 22.80
478 2022 12 15 43875.40 183.699116 1810 58.81 6239 22.79
479 2022 12 15 43875.80 184.099116 1810 58.81 6239 22.79
480 2022 12 15 43875.40 184.499393 1810 58.81 6240 22.80
481 2022 12 15 43875.80 184.899393 1811 58.84 6238 22.78
482 2022 12 15 43876.40 185.299730 1810 58.81 6240 22.80
483 2022 12 15 43876.80 185.699730 1811 58.84 6239 22.79
484 2022 12 15 43877.40 186.100036 1810 58.81 6238 22.78
485 2022 12 15 43877.80 186.500036 1811 58.84 6240 22.80
486 2022 12 15 43878.40 186.900313 1810 58.81 6238 22.78
487 2022 12 15 43878.80 187.300313 1810 58.81 6239 22.79
488 2022 12 15 43879.40 187.700584 1810 58.81 6238 22.78
489 2022 12 15 43879.80 188.100584 1810 58.81 6239 22.79
490 2022 12 15 43880.00 188.100880 1811 58.84 6239 22.79
491 2022 12 15 43880.40 188.500880 1811 58.84 6238 22.78
492 2022 12 15 43880.00 188.901162 1811 58.84 6238 22.78
493 2022 12 15 43880.40 189.301162 1811 58.84 6239 22.79
494 2022 12 15 43881.00 189.701441 1811 58.84 6238 22.78
495 2022 12 15 43881.40 190.101441 1810 58.81 6238 22.78
496 2022 12 15 43881.80 190.501441 1811 58.84 6238 22.78
497 2022 12 15 43882.40 190.901758 1810 58.81 6238 22.78
498 2022 12 15 43882.80 191.301758 1811 58.84 6238 22.78
499 2022 12 15 43883.40 191.702016 1811 58.84 6238 22.78
500 2022 12 15 43883.80 192.102016 1810 58.81 6238 22.78
501 2022 12 15 43884.40 192.502290 1811 58.84 6238 22.78
502 2022 12 15 43884.80 192.902290 1811 58.84 6238 22.78
503 2022 12 15 43884.40 193.302567 1811 58.84 6238 22.78
504 2022 12 15 43884.80 193.702567 1811 58.84 6238 22.78
505 2022 12 15 43885.40 194.102861 1811 58.84 6238 22.78
506 2022 12 15 43885.80 194.502861 1811 58.84 6237 22.77
507 2022 12 15 43886.40 194.903150 1811 58.84 6238 22.78
508 2022 12 15 43886.80 195.303150 1811 58.84 6238 22.78
509 2022 12 15 43887.40 195.703423 1811 58.84 6238 22.78
510 2022 12 15 43887.80 196.103423 1811 58.84 6238 22.78
511 2022 12 15 43888.40 196.503755 1811 58.84 6238 22.78
512 2022 12 15 43888.80 196.903755 1811 58.84 6238 22.78
513 2022 12 15 43888.00 196.904076 1811 58.84 6237 22.77
514 2022 12 15 43888.40 197.304076 1811 58.84 6238 22.78
515 2022 12 15 43889.00 197.704356 1812 58.87 6237 22.77
516 2022 12 15 43889.40 198.104356 1811 58.84 6238 22.78
517 2022 12 15 43890.00 198.504634 1811 58.84 6238 22.78
518 2022 12 15 43890.40 198.904634 1812 58.87 6238 22.78
519 2022 12 15 43890.80 199.304634 1812 58.87 6238 22.78
520 2022 12 15 43891.40 199.704969 1812 58.87 6237 22.77
521 2022 12 15 43891.80 200.104969 1811 58.84 6237 22.77
522 2022 12 15 43892.40 200.505244 1811 58.84 6238 22.78
523 2022 12 15 43892.80 200.905244 1811 58.84 6238 22.78
524 2022 12 15 43892.40 201.305520 1812 58.87 6239 22.79
525 2022 12 15 43892.80 201.705520 1811 58.84 6238 22.78
526 2022 12 15 43893.40 202.105798 1812 58.87 6238 22.78
527 2022 12 15 43893.80 202.505798 1812 58.87 6238 22.78
528 2022 12 15 43894.40 202.906102 1812 58.87 6237 22.77
529 2022 12 15 43894.80 203.306102 1811 58.84 6237 22.77
530 2022 12 15 43895.40 203.706348 1811 58.84 6238 22.78
531 2022 12 15 43895.80 204.106348 1811 58.84 6238 22.78
532 2022 12 15 43896.40 204.506626 1811 58.84 6237 22.77
533 2022 12 15 43896.80 204.906626 1811 58.84 6238 22.78
534 2022 12 15 43896.40 205.306904 1811 58.84 6237 22.77
535 2022 12 15 43896.80 205.706904 1812 58.87 6238 22.78
536 2022 12 15 43897.00 205.707190 1811 58.84 6238 22.78
537 2022 12 15 43897.40 206.107190 1811 58.84 6238 22.78
538 2022 12 15 43898.00 206.507467 1811 58.84 6238 22.78
539 2022 12 15 43898.40 206.907467 1811 58.84 6238 22.78
540 2022 12 15 43898.80 207.307467 1811 58.84 6238 22.78
541 2022 12 15 43899.40 207.707782 1811 58.84 6238 22.78
542 2022 12 15 43899.80 208.107782 1811 58.84 6238 22.78
543 2022 12 15 43900.40 208.508866 1811 58.84 6238 22.78
544 2022 12 15 43900.80 208.908866 1811 58.84 6238 22.78
545 2022 12 15 43900.40 209.309100 1811 58.84 6239 22.79
546 2022 12 15 43900.80 209.709100 1811 58.84 6239 22.79
547 2022 12 15 43901.40 210.109376 1811 58.84 6238 22.78
548 2022 12 15 43901.80 210.509376 1811 58.84 6237 22.77
549 2022 12 15 43902.40 210.909657 1810 58.81 6238 22.78
550 2022 12 15 43902.80 211.309657 1811 58.84 6237 22.77
551 2022 12 15 43903.40 211.709937 1811 58.84 6238 22.78
552 2022 12 15 43903.80 212.109937 1811 58.84 6238 22.78
553 2022 12 15 43904.40 212.510211 1811 58.84 6237 22.77
554 2022 12 15 43904.80 212.910211 1811 58.84 6238 22.78
555 2022 12 15 43904.40 213.310492 1811 58.84 6238 22.78
556 2022 12 15 43904.80 213.710492 1811 58.84 6238 22.78
557 2022 12 15 43905.00 213.710783 1811 58.84 6238 22.78
558 2022 12 15 43905.40 214.110783 1811 58.84 6238 22.78
559 2022 12 15 43906.00 214.511141 1811 58.84 6238 22.78
560 2022 12 15 43906.40 214.911141 1811 58.84 6238 22.78
561 2022 12 15 43907.00 215.311413 1811 58.84 6238 22.78
562 2022 12 15 43907.40 215.711413 1812 58.87 6239 22.79
563 2022 12 15 43907.80 216.111413 1811 58.84 6238 22.78
564 2022 12 15 43908.40 216.511735 1811 58.84 6238 22.78
565 2022 12 15 43908.80 216.911735 1811 58.84 6239 22.79
566 2022 12 15 43908.40 217.312035 1812 58.87 6238 22.78
567 2022 12 15 43908.80 217.712035 1811 58.84 6238 22.78
568 2022 12 15 43909.40 218.112315 1811 58.84 6238 22.78
569 2022 12 15 43909.80 218.512315 1811 58.84 6238 22.78
570 2022 12 15 43910.40 218.912588 1811 58.84 6238 22.78
571 2022 12 15 43910.80 219.312588 1811 58.84 6239 22.79
572 2022 12 15 43911.40 219.712876 1811 58.84 6238 22.78
573 2022 12 15 43911.80 220.112876 1811 58.84 6239 22.79
574 2022 12 15 43912.40 220.513150 1811 58.84 6238 22.78
575 2022 12 15 43912.80 220.913150 1811 58.84 6237 22.77
576 2022 12 15 43912.40 221.313428 1811 58.84 6238 22.78
577 2022 12 15 43912.80 221.713428 1811 58.84 6238 22.78
578 2022 12 15 43913.40 222.113747 1811 58.84 6238 22.78
579 2022 12 15 43913.80 222.513747 1811 58.84 6237 22.77
580 2022 12 15 43914.00 222.514058 1811 58.84 6238 22.78
581 2022 12 15 43914.40 222.914058 1811 58.84 6238 22.78
582 2022 12 15 43915.00 223.314384 1811 58.84 6237 22.77
583 2022 12 15 43915.40 223.714384 1811 58.84 6238 22.78
584 2022 12 15 43916.00 224.114659 1811 58.84 6238 22.78
585 2022 12 15 43916.40 224.514659 1812 58.87 6238 22.78
586 2022 12 15 43916.80 224.914659 1811 58.84 6237 22.77
587 2022 12 15 43916.40 225.314975 1811 58.84 6238 22.78
588 2022 12 15 43916.80 225.714975 1811 58.84 6238 22.78
589 2022 12 15 43917.40 226.115259 1811 58.84 6238 22.78
590 2022 12 15 43917.80 226.515259 1811 58.84 6238 22.78
591 2022 12 15 43918.40 226.915532 1811 58.84 6238 22.78
592 2022 12 15 43918.80 227.315532 1811 58.84 6238 22.78
593 2022 12 15 43919.40 227.715800 1811 58.84 6238 22.78
594 2022 12 15 43919.80 228.115800 1811 58.84 6238 22.78
595 2022 12 15 43920.40 228.516112 1811 58.84 6236 22.76
596 2022 12 15 43920.80 228.916112 1811 58.84 6238 22.78
597 2022 12 15 43920.40 229.316387 1811 58.84 6237 22.77
598 2022 12 15 43920.80 229.716387 1812 58.87 6238 22.78
599 2022 12 15 43921.40 230.116669 1811 58.84 6237 22.77
600 2022 12 15 43921.80 230.516669 1811 58.84 6238 22.78
601 2022 12 15 43922.00 230.516953 1811 58.84 6238 22.78
602 2022 12 15 43922.40 230.916953 1812 58.87 6238 22.78
603 2022 12 15 43923.00 231.317228 1811 58.84 6239 22.79
604 2022 12 15 43923.40 231.717228 1811 58.84 6238 22.78
605 2022 12 15 43924.00 232.117506 1811 58.84 6240 22.80
606 2022 12 15 43924.40 232.517506 1811 58.84 6239 22.79
607 2022 12 15 43924.80 232.917506 1811 58.84 6238 22.78
608 2022 12 15 43924.40 233.317822 1811 58.84 6238 22.78
609 2022 12 15 43924.80 233.717822 1811 58.84 6238 22.78
610 2022 12 15 43925.40 234.118120 1811 58.84 6238 22.78
611 2022 12 15 43925.80 234.518120 1811 58.84 6238 22.78
612 2022 12 15 43926.40 234.918393 1810 58.81 6238 22.78
613 2022 12 15 43926.80 235.318393 1810 58.81 6237 22.77
614 2022 12 15 43927.40 235.718663 1810 58.81 6238 22.78
615 2022 12 15 43927.80 236.118663 1811 58.84 6238 22.78
616 2022 12 15 43928.40 236.518942 1810 58.81 6238 22.78
617 2022 12 15 43928.80 236.918942 1810 58.81 6238 22.78
618 2022 12 15 43928.40 237.319221 1811 58.84 6237 22.77
619 2022 12 15 43928.80 237.719221 1811 58.84 6237 22.77
620 2022 12 15 43929.40 238.119505 1811 58.84 6238 22.78
621 2022 12 15 43929.80 238.519505 1811 58.84 6238 22.78
622 2022 12 15 43930.40 238.919779 1811 58.84 6238 22.78
623 2022 12 15 43930.80 239.319779 1811 58.84 6238 22.78
624 2022 12 15 43931.00 239.320084 1811 58.84 6239 22.79
625 2022 12 15 43931.40 239.720084 1811 58.84 6238 22.78
626 2022 12 15 43932.00 240.120361 1811 58.84 6239 22.79
627 2022 12 15 43932.40 240.520361 1810 58.81 6238 22.78
628 2022 12 15 43932.00 240.920636 1811 58.84 6239 22.79
629 2022 12 15 43932.40 241.320636 1811 58.84 6238 22.78
630 2022 12 15 43932.80 241.720636 1811 58.84 6238 22.78
631 2022 12 15 43933.40 242.120955 1811 58.84 6238 22.78
632 2022 12 15 43933.80 242.520955 1810 58.81 6238 22.78
633 2022 12 15 43934.40 242.921230 1811 58.84 6239 22.79
634 2022 12 15 43934.80 243.321230 1811 58.84 6238 22.78
635 2022 12 15 43935.40 243.721501 1811 58.84 6238 22.78
636 2022 12 15 43935.80 244.121501 1811 58.84 6238 22.78
637 2022 12 15 43936.40 244.521801 1810 58.81 6238 22.78
638 2022 12 15 43936.80 244.921801 1811 58.84 6239 22.79
639 2022 12 15 43936.40 245.322153 1811 58.84 6239 22.79
640 2022 12 15 43936.80 245.722153 1811 58.84 6239 22.79
641 2022 12 15 43937.40 246.122435 1811 58.84 6238 22.78
642 2022 12 15 43937.80 246.522435 1810 58.81 6239 22.79
643 2022 12 15 43938.40 246.922711 1811 58.84 6239 22.79
644 2022 12 15 43938.80 247.322711 1811 58.84 6239 22.79
645 2022 12 15 43939.00 247.323034 1811 58.84 6239 22.79
646 2022 12 15 43939.40 247.723034 1811 58.84 6240 22.80
647 2022 12 15 43940.00 248.123326 1811 58.84 6239 22.79
648 2022 12 15 43940.40 248.523326 1811 58.84 6240 22.80
649 2022 12 15 43940.00 248.923606 1811 58.84 6241 22.81
650 2022 12 15 43940.40 249.323606 1811 58.84 6238 22.78
651 2022 12 15 43940.80 249.723606 1811 58.84 6239 22.79
652 2022 12 15 43941.40 250.123924 1811 58.84 6238 22.78
653 2022 12 15 43941.80 250.523924 1811 58.84 6238 22.78
654 2022 12 15 43942.40 250.924254 1811 58.84 6238 22.78
655 2022 12 15 43942.80 251.324254 1811 58.84 6238 22.78
656 2022 12 15 43943.40 251.724529 1811 58.84 6240 22.80
657 2022 12 15 43943.80 252.124529 1811 58.84 6239 22.79
658 2022 12 15 43944.40 252.524804 1810 58.81 6239 22.79
659 2022 12 15 43944.80 252.924804 1811 58.84 6238 22.78
660 2022 12 15 43944.40 253.325106 1810 58.81 6239 22.79
661 2022 12 15 43944.80 253.725106 1811 58.84 6239 22.79
662 2022 12 15 43945.40 254.125387 1811 58.84 6240 22.80
663 2022 12 15 43945.80 254.525387 1810 58.81 6240 22.80
664 2022 12 15 43946.40 254.925665 1810 58.81 6239 22.79
665 2022 12 15 43946.80 255.325665 1810 58.81 6239 22.79
666 2022 12 15 43947.40 255.725937 1811 58.84 6239 22.79
667 2022 12 15 43947.80 256.125937 1810 58.81 6240 22.80
668 2022 12 15 43948.00 256.126222 1810 58.81 6239 22.79
669 2022 12 15 43948.40 256.526222 1810 58.81 6240 22.80
670 2022 12 15 43948.00 256.926499 1810 58.81 6240 22.80
671 2022 12 15 43948.40 257.326499 1810 58.81 6239 22.79
672 2022 12 15 43949.00 257.726773 1810 58.81 6240 22.80
673 2022 12 15 43949.40 258.126773 1810 58.81 6240 22.80
674 2022 12 15 43949.80 258.526773 1810 58.81 6239 22.79
675 2022 12 15 43950.40 258.927163 1810 58.81 6239 22.79
676 2022 12 15 43950.80 259.327163 1810 58.81 6240 22.80
677 2022 12 15 43951.40 259.727442 1810 58.81 6239 22.79
678 2022 12 15 43951.80 260.127442 1810 58.81 6239 22.79
679 2022 12 15 43952.40 260.527719 1810 58.81 6240 22.80
680 2022 12 15 43952.80 260.927719 1810 58.81 6239 22.79
681 2022 12 15 43952.40 261.328027 1810 58.81 6239 22.79
682 2022 12 15 43952.80 261.728027 1810 58.81 6239 22.79
683 2022 12 15 43953.40 262.128307 1810 58.81 6238 22.78
684 2022 12 15 43953.80 262.528307 1810 58.81 6240 22.80
685 2022 12 15 43954.40 262.928583 1810 58.81 6238 22.78
686 2022 12 15 43954.80 263.328583 1810 58.81 6240 22.80
687 2022 12 15 43955.40 263.728874 1810 58.81 6239 22.79
688 2022 12 15 43955.80 264.128874 1810 58.81 6239 22.79
689 2022 12 15 43956.40 264.529152 1810 58.81 6239 22.79
690 2022 12 15 43956.80 264.929152 1810 58.81 6238 22.78
691 2022 12 15 43956.00 264.929440 1810 58.81 6238 22.78
692 2022 12 15 43956.40 265.329440 1810 58.81 6238 22.78
693 2022 12 15 43957.00 265.729718 1810 58.81 6240 22.80
694 2022 12 15 43957.40 266.129718 1810 58.81 6240 22.80
695 2022 12 15 43958.00 266.530011 1810 58.81 6239 22.79
696 2022 12 15 43958.40 266.930011 1811 58.84 6240 22.80
697 2022 12 15 43958.80 267.330011 1811 58.84 6239 22.79
698 2022 12 15 43959.40 267.730322 1811 58.84 6240 22.80
699 2022 12 15 43959.80 268.130322 1811 58.84 6239 22.79
700 2022 12 15 43960.40 268.530601 1811 58.84 6238 22.78
701 2022 12 15 43960.80 268.930601 1810 58.81 6238 22.78
702 2022 12 15 43960.40 269.330894 1811 58.84 6239 22.79
703 2022 12 15 43960.80 269.730894 1811 58.84 6240 22.80
704 2022 12 15 43961.40 270.131124 1811 58.84 6239 22.79
705 2022 12 15 43961.80 270.531124 1811 58.84 6239 22.79
706 2022 12 15 43962.40 270.931396 1811 58.84 6239 22.79
707 2022 12 15 43962.80 271.331396 1811 58.84 6238 22.78
708 2022 12 15 43963.40 271.731674 1811 58.84 6239 22.79
709 2022 12 15 43963.80 272.131674 1811 58.84 6239 22.79
710 2022 12 15 43964.40 272.531961 1811 58.84 6239 22.79
711 2022 12 15 43964.80 272.931961 1811 58.84 6238 22.78
712 2022 12 15 43964.40 273.332252 1811 58.84 6239 22.79
713 2022 12 15 43964.80 273.732252 1811 58.84 6238 22.78
714 2022 12 15 43965.00 273.732551 1811 58.84 6238 22.78
715 2022 12 15 43965.40 274.132551 1811 58.84 6239 22.79
716 2022 12 15 43966.00 274.532827 1811 58.84 6239 22.79
717 2022 12 15 43966.40 274.932827 1812 58.87 6237 22.77
718 2022 12 15 43967.00 275.333187 1811 58.84 6239 22.79
719 2022 12 15 43967.40 275.733187 1811 58.84 6238 22.78
720 2022 12 15 43967.80 276.133187 1811 58.84 6238 22.78
721 2022 12 15 43968.40 276.533505 1811 58.84 6238 22.78
722 2022 12 15 43968.80 276.933505 1811 58.84 6239 22.79
723 2022 12 15 43968.40 277.333799 1811 58.84 6238 22.78
724 2022 12 15 43968.80 277.733799 1811 58.84 6238 22.78
725 2022 12 15 43969.40 278.134143 1811 58.84 6238 22.78
726 2022 12 15 43969.80 278.534143 1811 58.84 6237 22.77
727 2022 12 15 43970.40 278.934477 1811 58.84 6238 22.78
728 2022 12 15 43970.80 279.334477 1810 58.81 6237 22.77
729 2022 12 15 43971.40 279.734764 1811 58.84 6237 22.77
730 2022 12 15 43971.80 280.134764 1811 58.84 6237 22.77
731 2022 12 15 43972.40 280.535074 1811 58.84 6238 22.78
732 2022 12 15 43972.80 280.935074 1811 58.84 6238 22.78
733 2022 12 15 43972.40 281.335362 1811 58.84 6238 22.78
734 2022 12 15 43972.80 281.735362 1811 58.84 6237 22.77
735 2022 12 15 43973.00 281.735652 1811 58.84 6238 22.78
736 2022 12 15 43973.40 282.135652 1811 58.84 6236 22.76
737 2022 12 15 43974.00 282.535936 1811 58.84 6238 22.78
738 2022 12 15 43974.40 282.935936 1811 58.84 6238 22.78
739 2022 12 15 43975.00 283.336218 1811 58.84 6238 22.78
740 2022 12 15 43975.40 283.736218 1811 58.84 6237 22.77
741 2022 12 15 43975.80 284.136218 1811 58.84 6238 22.78
742 2022 12 15 43976.40 284.536566 1811 58.84 6238 22.78
743 2022 12 15 43976.80 284.936566 1810 58.81 6237 22.77
744 2022 12 15 43976.40 285.336866 1811 58.84 6238 22.78
745 2022 12 15 43976.80 285.736866 1811 58.84 6238 22.78
746 2022 12 15 43977.40 286.137101 1811 58.84 6237 22.77
747 2022 12 15 43977.80 286.537101 1811 58.84 6237 22.77
748 2022 12 15 43978.40 286.937377 1811 58.84 6238 22.78
749 2022 12 15 43978.80 287.337377 1810 58.81 6237 22.77
750 2022 12 15 43979.40 287.737666 1811 58.84 6237 22.77
751 2022 12 15 43979.80 288.137666 1810 58.81 6238 22.78
752 2022 12 15 43980.40 288.537965 1810 58.81 6237 22.77
753 2022 12 15 43980.80 288.937965 1810 58.81 6238 22.78
754 2022 12 15 43980.40 289.338157 1811 58.84 6238 22.78
755 2022 12 15 43980.80 289.738157 1811 58.84 6238 22.78
756 2022 12 15 43981.40 290.138426 1811 58.84 6238 22.78
757 2022 12 15 43981.80 290.538426 1811 58.84 6237 22.77
758 2022 12 15 43982.00 290.538708 1810 58.81 6236 22.76
759 2022 12 15 43982.40 290.938708 1811 58.84 6236 22.76
760 2022 12 15 43983.00 291.338952 1810 58.81 6237 22.77
761 2022 12 15 43983.40 291.738952 1810 58.81 6238 22.78
762 2022 12 15 43984.00 292.139184 1810 58.81 6238 22.78
763 2022 12 15 43984.40 292.539184 1811 58.84 6237 22.77
764 2022 12 15 43984.80 292.939184 1810 58.81 6238 22.78
765 2022 12 15 43984.40 293.339514 1810 58.81 6237 22.77
766 2022 12 15 43984.80 293.739514 1811 58.84 6237 22.77
767 2022 12 15 43985.40 294.140083 1810 58.81 6238 22.78
768 2022 12 15 43985.80 294.540083 1810 58.81 6237 22.77
769 2022 12 15 43986.40 294.940411 1811 58.84 6238 22.78
770 2022 12 15 43986.80 295.340411 1810 58.81 6237 22.77
771 2022 12 15 43987.40 295.740994 1810 58.81 6238 22.78
772 2022 12 15 43987.80 296.140994 1810 58.81 6236 22.76
773 2022 12 15 43988.40 296.541547 1811 58.84 6237 22.77
774 2022 12 15 43988.80 296.941547 1811 58.84 6237 22.77
775 2022 12 15 43988.40 297.342128 1811 58.84 6236 22.76
776 2022 12 15 43988.80 297.742128 1811 58.84 6237 22.77
777 2022 12 15 43989.40 298.142576 1811 58.84 6237 22.77
778 2022 12 15 43989.80 298.542576 1811 58.84 6237 22.77
779 2022 12 15 43990.00 298.543073 1811 58.84 6237 22.77
780 2022 12 15 43990.40 298.943073 1811 58.84 6237 22.77
781 2022 12 15 43991.00 299.343674 1811 58.84 6236 22.76
782 2022 12 15 43991.40 299.743674 1811 58.84 6238 22.78
783 2022 12 15 43992.00 300.144273 1811 58.84 6236 22.76
784 2022 12 15 43992.40 300.544273 1811 58.84 6236 22.76
785 2022 12 15 43992.80 300.944273 1811 58.84 6236 22.76
786 2022 12 15 43992.40 301.344913 1811 58.84 6238 22.78
787 2022 12 15 43992.80 301.744913 1811 58.84 6236 22.76
788 2022 12 15 43993.40 302.145476 1811 58.84 6238 22.78
789 2022 12 15 43993.80 302.545476 1811 58.84 6236 22.76
790 2022 12 15 43994.40 302.945718 1811 58.84 6237 22.77
791 2022 12 15 43994.80 303.345718 1811 58.84 6236 22.76
792 2022 12 15 43995.40 303.746335 1812 58.87 6237 22.77
793 2022 12 15 43995.80 304.146335 1811 58.84 6236 22.76
794 2022 12 15 43996.40 304.546922 1812 58.87 6236 22.76
795 2022 12 15 43996.80 304.946922 1812 58.87 6238 22.78
796 2022 12 15 43996.40 305.347626 1812 58.87 6236 22.76
797 2022 12 15 43996.80 305.747626 1812 58.87 6237 22.77
798 2022 12 15 43997.40 306.148070 1812 58.87 6237 22.77
799 2022 12 15 43997.80 306.548070 1812 58.87 6237 22.77
800 2022 12 15 43998.40 306.948729 1812 58.87 6238 22.78
801 2022 12 15 43998.80 307.348729 1813 58.90 6236 22.76
802 2022 12 15 43999.00 307.348995 1812 58.87 6236 22.76
803 2022 12 15 43999.40 307.748995 1813 58.90 6236 22.76
804 2022 12 15 44000.00 308.149242 1813 58.90 6237 22.77
805 2022 12 15 44000.40 308.549242 1813 58.90 6237 22.77
806 2022 12 15 44000.00 308.949895 1813 58.90 6236 22.76
807 2022 12 15 44000.40 309.349895 1813 58.90 6237 22.77
808 2022 12 15 44000.80 309.749895 1813 58.90 6237 22.77
809 2022 12 15 44001.40 310.150580 1813 58.90 6236 22.76
810 2022 12 15 44001.80 310.550580 1813 58.90 6237 22.77
811 2022 12 15 44002.40 310.951224 1813 58.90 6236 22.76
812 2022 12 15 44002.80 311.351224 1813 58.90 6236 22.76
813 2022 12 15 44003.40 311.751752 1813 58.90 6236 22.76
814 2022 12 15 44003.80 312.151752 1813 58.90 6236 22.76
815 2022 12 15 44004.40 312.552174 1813 58.90 6236 22.76
816 2022 12 15 44004.80 312.952174 1814 58.93 6236 22.76
817 2022 12 15 44004.40 313.352451 1814 58.93 6236 22.76
818 2022 12 15 44004.80 313.752451 1813 58.90 6236 22.76
819 2022 12 15 44005.40 314.152723 1813 58.90 6236 22.76
820 2022 12 15 44005.80 314.552723 1813 58.90 6236 22.76
821 2022 12 15 44006.40 314.953203 1814 58.93 6236 22.76
822 2022 12 15 44006.80 315.353203 1813 58.90 6235 22.75
823 2022 12 15 44007.00 315.353677 1814 58.93 6236 22.76
824 2022 12 15 44007.40 315.753677 1814 58.93 6236 22.76
825 2022 12 15 44008.00 316.154180 1813 58.90 6235 22.75
826 2022 12 15 44008.40 316.554180 1814 58.93 6236 22.76
827 2022 12 15 44008.00 316.954482 1814 58.93 6235 22.75
828 2022 12 15 44008.40 317.354482 1814 58.93 6235 22.75
829 2022 12 15 44008.80 317.754482 1814 58.93 6235 22.75
830 2022 12 15 44009.40 318.154937 1814 58.93 6236 22.76
831 2022 12 15 44009.80 318.554937 1814 58.93 6236 22.76
832 2022 12 15 44010.40 318.955211 1814 58.93 6237 22.77
833 2022 12 15 44010.80 319.355211 1814 58.93 6236 22.76
834 2022 12 15 44011.40 319.755683 1814 58.93 6236 22.76
835 2022 12 15 44011.80 320.155683 1814 58.93 6236 22.76
836 2022 12 15 44012.40 320.555884 1814 58.93 6236 22.76
837 2022 12 15 44012.80 320.955884 1814 58.93 6236 22.76
838 2022 12 15 44012.40 321.356369 1814 58.93 6236 22.76
839 2022 12 15 44012.80 321.756369 1814 58.93 6236 22.76
840 2022 12 15 44013.40 322.156879 1814 58.93 6236 22.76
841 2022 12 15 44013.80 322.556879 1814 58.93 6236 22.76
842 2022 12 15 44014.40 322.957122 1814 58.93 6236 22.76
843 2022 12 15 44014.80 323.357122 1814 58.93 6236 22.76
844 2022 12 15 44015.40 323.757649 1814 58.93 6237 22.77
845 2022 12 15 44015.80 324.157649 1814 58.93 6237 22.77
846 2022 12 15 44016.00 324.158195 1814 58.93 6236 22.76
847 2022 12 15 44016.40 324.558195 1814 58.93 6236 22.76
848 2022 12 15 44016.00 324.958745 1814 58.93 6236 22.76
849 2022 12 15 44016.40 325.358745 1814 58.93 6236 22.76
850 2022 12 15 44017.00 325.759039 1814 58.93 6235 22.75
851 2022 12 15 44017.40 326.159039 1814 58.93 6235 22.75
852 2022 12 15 44017.80 326.559039 1814 58.93 6236 22.76
853 2022 12 15 44018.40 326.959614 1814 58.93 6236 22.76
854 2022 12 15 44018.80 327.359614 1814 58.93 6236 22.76
855 2022 12 15 44019.40 327.760177 1814 58.93 6235 22.75
856 2022 12 15 44019.80 328.160177 1814 58.93 6235 22.75
857 2022 12 15 44020.40 328.560818 1814 58.93 6234 22.74
858 2022 12 15 44020.80 328.960818 1814 58.93 6234 22.74
859 2022 12 15 44020.40 329.361450 1813 58.90 6236 22.76
860 2022 12 15 44020.80 329.761450 1814 58.93 6234 22.74
861 2022 12 15 44021.40 330.161979 1814 58.93 6235 22.75
862 2022 12 15 44021.80 330.561979 1814 58.93 6235 22.75
863 2022 12 15 44022.40 330.962570 1814 58.93 6235 22.75
864 2022 12 15 44022.80 331.362570 1814 58.93 6234 22.74
865 2022 12 15 44023.40 331.762888 1814 58.93 6235 22.75
866 2022 12 15 44023.80 332.162888 1814 58.93 6235 22.75
867 2022 12 15 44024.40 332.563474 1814 58.93 6234 22.74
868 2022 12 15 44024.80 332.963474 1814 58.93 6233 22.73
869 2022 12 15 44024.00 332.963758 1814 58.92 6234 22.74
870 2022 12 15 44024.40 333.363758 1814 58.93 6235 22.75
871 2022 12 15 44025.00 333.764470 1814 58.93 6234 22.74
872 2022 12 15 44025.40 334.164470 1814 58.93 6234 22.74
873 2022 12 15 44026.00 334.565112 1813 58.90 6235 22.75
874 2022 12 15 44026.40 334.965112 1813 58.90 6234 22.74
875 2022 12 15 44026.80 335.365112 1814 58.93 6234 22.74
876 2022 12 15 44027.40 335.765761 1814 58.93 6234 22.74
877 2022 12 15 44027.80 336.165761 1814 58.93 6234 22.74
878 2022 12 15 44028.40 336.566290 1814 58.93 6234 22.74
879 2022 12 15 44028.80 336.966290 1814 58.93 6234 22.74
880 2022 12 15 44028.40 337.366647 1814 58.93 6234 22.74
881 2022 12 15 44028.80 337.766647 1814 58.93 6236 22.76
882 2022 12 15 44029.40 338.166930 1814 58.93 6235 22.75
883 2022 12 15 44029.80 338.566930 1814 58.93 6234 22.74
884 2022 12 15 44030.40 338.967372 1814 58.93 6234 22.74
885 2022 12 15 44030.80 339.367372 1814 58.93 6235 22.75
886 2022 12 15 44031.40 339.767707 1814 58.93 6235 22.75
887 2022 12 15 44031.80 340.167707 1814 58.93 6234 22.74
888 2022 12 15 44032.40 340.567959 1814 58.93 6234 22.74
889 2022 12 15 44032.80 340.967959 1814 58.93 6234 22.74
890 2022 12 15 44032.00 340.968167 1814 58.93 6235 22.75
891 2022 12 15 44032.40 341.368167 1814 58.93 6234 22.74
892 2022 12 15 44033.00 341.768560 1814 58.93 6234 22.74
893 2022 12 15 44033.40 342.168560 1814 58.93 6235 22.75
894 2022 12 15 44034.00 342.569031 1814 58.93 6234 22.74
895 2022 12 15 44034.40 342.969031 1814 58.93 6235 22.75
896 2022 12 15 44034.80 343.369031 1814 58.93 6234 22.74
897 2022 12 15 44035.40 343.769258 1814 58.93 6234 22.74
898 2022 12 15 44035.80 344.169258 1814 58.93 6235 22.75
899 2022 12 15 44036.40 344.569735 1814 58.93 6234 22.74
900 2022 12 15 44036.80 344.969735 1814 58.93 6234 22.74
901 2022 12 15 44036.40 345.370124 1814 58.93 6234 22.74
902 2022 12 15 44036.80 345.770124 1814 58.93 6236 22.76
903 2022 12 15 44037.40 346.170644 1814 58.93 6234 22.74
904 2022 12 15 44037.80 346.570644 1814 58.93 6235 22.75
905 2022 12 15 44038.40 346.971176 1814 58.93 6236 22.76
906 2022 12 15 44038.80 347.371176 1814 58.93 6235 22.75
907 2022 12 15 44039.40 347.771723 1814 58.93 6236 22.76
908 2022 12 15 44039.80 348.171723 1814 58.93 6235 22.75
909 2022 12 15 44040.40 348.572017 1814 58.93 6236 22.76
910 2022 12 15 44040.80 348.972017 1814 58.93 6236 22.76
911 2022 12 15 44040.40 349.372260 1814 58.93 6236 22.76
912 2022 12 15 44040.80 349.772260 1814 58.93 6235 22.75
913 2022 12 15 44041.00 349.772516 1814 58.93 6235 22.75
914 2022 12 15 44041.40 350.172516 1814 58.93 6235 22.75
915 2022 12 15 44042.00 350.572792 1814 58.93 6235 22.75
916 2022 12 15 44042.40 350.972792 1814 58.93 6236 22.76
917 2022 12 15 44043.00 351.373093 1814 58.93 6234 22.74
918 2022 12 15 44043.40 351.773093 1813 58.90 6235 22.75
919 2022 12 15 44043.80 352.173093 1814 58.93 6234 22.74
920 2022 12 15 44044.40 352.573402 1814 58.93 6235 22.75
921 2022 12 15 44044.80 352.973402 1814 58.93 6235 22.75
922 2022 12 15 44044.40 353.373665 1813 58.90 6235 22.75
923 2022 12 15 44044.80 353.773665 1814 58.93 6234 22.74
924 2022 12 15 44045.40 354.174278 1814 58.93 6234 22.74
925 2022 12 15 44045.80 354.574278 1814 58.93 6234 22.74
926 2022 12 15 44046.40 354.974872 1814 58.93 6233 22.73
927 2022 12 15 44046.80 355.374872 1814 58.92 6234 22.74
928 2022 12 15 44047.40 355.775469 1814 58.93 6234 22.74
929 2022 12 15 44047.80 356.175469 1814 58.93 6234 22.74
930 2022 12 15 44048.40 356.576078 1814 58.93 6234 22.74
931 2022 12 15 44048.80 356.976078 1814 58.93 6235 22.75
932 2022 12 15 44048.40 357.376497 1814 58.93 6234 22.74
933 2022 12 15 44048.80 357.776497 1814 58.93 6233 22.73
934 2022 12 15 44049.00 357.777163 1814 58.92 6234 22.74
935 2022 12 15 44049.40 358.177163 1814 58.93 6234 22.74
936 2022 12 15 44050.00 358.577811 1814 58.93 6233 22.73
937 2022 12 15 44050.40 358.977811 1814 58.92 6234 22.74
938 2022 12 15 44051.00 359.378299 1814 58.93 6234 22.74
939 2022 12 15 44051.40 359.778299 1814 58.93 6234 22.74
940 2022 12 15 44052.00 360.178971 1814 58.93 6234 22.74
941 2022 12 15 44052.40 360.578971 1814 58.93 6234 22.74
942 2022 12 15 44052.80 360.978971 1814 58.93 6234 22.74
943 2022 12 15 44052.40 361.379334 1814 58.93 6233 22.73
944 2022 12 15 44052.80 361.779334 1814 58.92 6233 22.73
945 2022 12 15 44053.40 362.179771 1814 58.92 6234 22.74
946 2022 12 15 44053.80 362.579771 1814 58.93 6235 22.75
947 2022 12 15 44054.40 362.980297 1814 58.93 6234 22.74
948 2022 12 15 44054.80 363.380297 1814 58.93 6234 22.74
949 2022 12 15 44055.40 363.780942 1814 58.93 6234 22.74
950 2022 12 15 44055.80 364.180942 1814 58.93 6234 22.74
951 2022 12 15 44056.40 364.581190 1814 58.93 6234 22.74
952 2022 12 15 44056.80 364.981190 1814 58.93 6234 22.74
953 2022 12 15 44056.40 365.381451 1814 58.93 6235 22.75
954 2022 12 15 44056.80 365.781451 1814 58.93 6234 22.74
955 2022 12 15 44057.40 366.181666 1814 58.93 6234 22.74
956 2022 12 15 44057.80 366.581666 1814 58.93 6234 22.74
957 2022 12 15 44058.00 366.581874 1814 58.93 6235 22.75
958 2022 12 15 44058.40 366.981874 1814 58.93 6235 22.75
959 2022 12 15 44059.00 367.382148 1814 58.93 6234 22.74
960 2022 12 15 44059.40 367.782148 1814 58.93 6234 22.74
961 2022 12 15 44060.00 368.182431 1814 58.93 6236 22.76
962 2022 12 15 44060.40 368.582431 1814 58.93 6235 22.75
963 2022 12 15 44060.80 368.982431 1814 58.93 6235 22.75
964 2022 12 15 44060.40 369.382955 1814 58.93 6234 22.74
965 2022 12 15 44060.80 369.782955 1814 58.93 6235 22.75
966 2022 12 15 44061.40 370.183340 1814 58.93 6235 22.75
967 2022 12 15 44061.80 370.583340 1814 58.93 6235 22.75
968 2022 12 15 44062.40 370.983731 1814 58.93 6235 22.75
969 2022 12 15 44062.80 371.383731 1814 58.93 6234 22.74
970 2022 12 15 44063.40 371.784236 1814 58.93 6234 22.74
971 2022 12 15 44063.80 372.184236 1814 58.93 6235 22.75
972 2022 12 15 44064.40 372.584730 1814 58.93 6234 22.74
973 2022 12 15 44064.80 372.984730 1814 58.93 6235 22.75
974 2022 12 15 44064.40 373.385046 1814 58.93 6234 22.74
975 2022 12 15 44064.80 373.785046 1814 58.93 6234 22.74
976 2022 12 15 44065.40 374.185293 1814 58.93 6235 22.75
977 2022 12 15 44065.80 374.585293 1814 58.93 6236 22.76
978 2022 12 15 44066.00 374.585649 1814 58.93 6235 22.75
979 2022 12 15 44066.40 374.985649 1814 58.93 6235 22.75
980 2022 12 15 44067.00 375.386090 1814 58.93 6235 22.75
981 2022 12 15 44067.40 375.786090 1814 58.93 6235 22.75
982 2022 12 15 44068.00 376.186552 1814 58.93 6235 22.75
983 2022 12 15 44068.40 376.586552 1814 58.93 6234 22.74
984 2022 12 15 44068.80 376.986552 1814 58.93 6234 22.74
985 2022 12 15 44068.40 377.386862 1814 58.93 6234 22.74
986 2022 12 15 44068.80 377.786862 1814 58.93 6234 22.74
987 2022 12 15 44069.40 378.187292 1814 58.93 6233 22.73
988 2022 12 15 44069.80 378.587292 1814 58.92 6234 22.74
989 2022 12 15 44070.40 378.987741 1814 58.93 6234 22.74
990 2022 12 15 44070.80 379.387741 1814 58.93 6234 22.74
991 2022 12 15 44071.40 379.788217 1814 58.93 6234 22.74
992 2022 12 15 44071.80 380.188217 1814 58.93 6234 22.74
993 2022 12 15 44072.40 380.588687 1814 58.93 6234 22.74
994 2022 12 15 44072.80 380.988687 1814 58.93 6234 22.74
995 2022 12 15 44072.40 381.389253 1814 58.93 6233 22.73
996 2022 12 15 44072.80 381.789253 1814 58.92 6233 22.73
997 2022 12 15 44073.40 382.189743 1814 58.92 6233 22.73
998 2022 12 15 44073.80 382.589743 1814 58.92 6234 22.74
999 2022 12 15 44074.40 382.990251 1814 58.93 6234 22.74
1000 2022 12 15 44074.80 383.390251 1814 58.93 6234 22.74
1001 2022 12 15 44075.00 383.390804 1815 58.96 6234 22.74
1002 2022 12 15 44075.40 383.790804 1814 58.93 6233 22.73
1003 2022 12 15 44076.00 384.191376 1814 58.92 6233 22.73
1004 2022 12 15 44076.40 384.591376 1814 58.92 6234 22.74
1005 2022 12 15 44076.00 384.991896 1814 58.93 6233 22.73
1006 2022 12 15 44076.40 385.391896 1815 58.96 6234 22.74
1007 2022 12 15 44076.80 385.791896 1814 58.93 6234 22.74
1008 2022 12 15 44077.40 386.192496 1814 58.93 6233 22.73
1009 2022 12 15 44077.80 386.592496 1815 58.96 6234 22.74
1010 2022 12 15 44078.40 386.993121 1815 58.96 6234 22.74
1011 2022 12 15 44078.80 387.393121 1815 58.96 6234 22.74
1012 2022 12 15 44079.40 387.793675 1815 58.96 6233 22.73
1013 2022 12 15 44079.80 388.193675 1815 58.96 6233 22.73
1014 2022 12 15 44080.40 388.594428 1815 58.96 6232 22.72
1015 2022 12 15 44080.80 388.994428 1815 58.95 6233 22.73
1016 2022 12 15 44080.40 389.395106 1815 58.96 6232 22.72
1017 2022 12 15 44080.80 389.795106 1815 58.95 6233 22.73
1018 2022 12 15 44081.40 390.195368 1815 58.96 6234 22.74
1019 2022 12 15 44081.80 390.595368 1815 58.96 6232 22.72
1020 2022 12 15 44082.40 390.996024 1815 58.95 6233 22.73
1021 2022 12 15 44082.80 391.396024 1815 58.96 6232 22.72
1022 2022 12 15 44083.40 391.796534 1815 58.95 6234 22.74
1023 2022 12 15 44083.80 392.196534 1815 58.96 6233 22.73
1024 2022 12 15 44084.00 392.197059 1815 58.96 6233 22.73
1025 2022 12 15 44084.40 392.597059 1815 58.96 6233 22.73
1026 2022 12 15 44084.00 392.997582 1814 58.92 6234 22.74
1027 2022 12 15 44084.40 393.397582 1815 58.96 6233 22.73
1028 2022 12 15 44085.00 393.797969 1815 58.96 6233 22.73
1029 2022 12 15 44085.40 394.197969 1815 58.96 6233 22.73
1030 2022 12 15 44085.80 394.597969 1814 58.92 6233 22.73
1031 2022 12 15 44086.40 394.998284 1814 58.92 6234 22.74
1032 2022 12 15 44086.80 395.398284 1815 58.96 6233 22.73
1033 2022 12 15 44087.40 395.798728 1815 58.96 6232 22.72
1034 2022 12 15 44087.80 396.198728 1815 58.95 6233 22.73
1035 2022 12 15 44088.40 396.599193 1815 58.96 6234 22.74
1036 2022 12 15 44088.80 396.999193 1814 58.93 6234 22.74
1037 2022 12 15 44088.40 397.399664 1815 58.96 6234 22.74
1038 2022 12 15 44088.80 397.799664 1815 58.96 6233 22.73
1039 2022 12 15 44089.40 398.200152 1815 58.96 6234 22.74
1040 2022 12 15 44089.80 398.600152 1815 58.96 6232 22.72
1041 2022 12 15 44090.40 399.000877 1815 58.95 6234 22.74
1042 2022 12 15 44090.80 399.400877 1815 58.96 6234 22.74
1043 2022 12 15 44091.40 399.801611 1815 58.96 6234 22.74
1044 2022 12 15 44091.80 400.201611 1815 58.96 6233 22.73
1045 2022 12 15 44092.00 400.202352 1815 58.96 6233 22.73
1046 2022 12 15 44092.40 400.602352 1815 58.96 6234 22.74
1047 2022 12 15 44092.00 401.003112 1815 58.96 6232 22.72
1048 2022 12 15 44092.40 401.403112 1815 58.95 6233 22.73
1049 2022 12 15 44093.00 401.803888 1815 58.96 6233 22.73
1050 2022 12 15 44093.40 402.203888 1815 58.96 6232 22.72
1051 2022 12 15 44093.80 402.603888 1816 58.98 6232 22.72
1052 2022 12 15 44094.40 403.004495 1815 58.95 6233 22.73
1053 2022 12 15 44094.80 403.404495 1815 58.96 6233 22.73
1054 2022 12 15 44095.40 403.805073 1815 58.96 6232 22.72
1055 2022 12 15 44095.80 404.205073 1815 58.95 6232 22.72
1056 2022 12 15 44096.40 404.605886 1815 58.95 6233 22.73
1057 2022 12 15 44096.80 405.005886 1815 58.96 6234 22.74
1058 2022 12 15 44096.40 405.406602 1815 58.96 6233 22.73
1059 2022 12 15 44096.80 405.806602 1815 58.96 6233 22.73
1060 2022 12 15 44097.40 406.207475 1815 58.96 6233 22.73
1061 2022 12 15 44097.80 406.607475 1815 58.96 6233 22.73
1062 2022 12 15 44098.40 407.008175 1815 58.96 6233 22.73
1063 2022 12 15 44098.80 407.408175 1815 58.96 6233 22.73
1064 2022 12 15 44099.40 407.809002 1815 58.96 6233 22.73
1065 2022 12 15 44099.80 408.209002 1815 58.96 6233 22.73
1066 2022 12 15 44100.40 408.609472 1815 58.96 6234 22.74
1067 2022 12 15 44100.80 409.009472 1815 58.96 6234 22.74
1068 2022 12 15 44100.00 409.009882 1815 58.96 6233 22.73
1069 2022 12 15 44100.40 409.409882 1815 58.96 6233 22.73
1070 2022 12 15 44101.00 409.810326 1815 58.96 6234 22.74
1071 2022 12 15 44101.40 410.210326 1815 58.96 6233 22.73
1072 2022 12 15 44102.00 410.610754 1815 58.96 6234 22.74
1073 2022 12 15 44102.40 411.010754 1815 58.96 6234 22.74
1074 2022 12 15 44102.80 411.410754 1815 58.96 6234 22.74
1075 2022 12 15 44103.40 411.811402 1815 58.96 6233 22.73
1076 2022 12 15 44103.80 412.211402 1815 58.96 6233 22.73
1077 2022 12 15 44104.40 412.611888 1815 58.96 6234 22.74
1078 2022 12 15 44104.80 413.011888 1815 58.96 6234 22.74
1079 2022 12 15 44104.40 413.412395 1815 58.96 6234 22.74
1080 2022 12 15 44104.80 413.812395 1815 58.96 6234 22.74
1081 2022 12 15 44105.40 414.213373 1814 58.93 6234 22.74
1082 2022 12 15 44105.80 414.613373 1815 58.96 6234 22.74
1083 2022 12 15 44106.40 415.014065 1814 58.93 6234 22.74
1084 2022 12 15 44106.80 415.414065 1814 58.93 6234 22.74
1085 2022 12 15 44107.40 415.814781 1814 58.93 6235 22.75
1086 2022 12 15 44107.80 416.214781 1814 58.93 6234 22.74
1087 2022 12 15 44108.40 416.615442 1814 58.93 6234 22.74
1088 2022 12 15 44108.80 417.015442 1814 58.93 6235 22.75
1089 2022 12 15 44108.00 417.016170 1814 58.93 6235 22.75
1090 2022 12 15 44108.40 417.416170 1814 58.93 6235 22.75
1091 2022 12 15 44109.00 417.817016 1814 58.93 6235 22.75
1092 2022 12 15 44109.40 418.217016 1814 58.93 6236 22.76
1093 2022 12 15 44110.00 418.617756 1814 58.93 6236 22.76
1094 2022 12 15 44110.40 419.017756 1814 58.93 6236 22.76
1095 2022 12 15 44110.80 419.417756 1814 58.93 6236 22.76
1096 2022 12 15 44111.40 419.818382 1814 58.93 6236 22.76
1097 2022 12 15 44111.80 420.218382 1814 58.93 6236 22.76
1098 2022 12 15 44112.40 420.618954 1813 58.90 6235 22.75
1099 2022 12 15 44112.80 421.018954 1814 58.93 6236 22.76
1100 2022 12 15 44112.40 421.419536 1814 58.93 6236 22.76
1101 2022 12 15 44112.80 421.819536 1813 58.90 6236 22.76
1102 2022 12 15 44113.40 422.220046 1813 58.90 6236 22.76
1103 2022 12 15 44113.80 422.620046 1814 58.93 6235 22.75
1104 2022 12 15 44114.40 423.020591 1813 58.90 6236 22.76
1105 2022 12 15 44114.80 423.420591 1813 58.90 6236 22.76
1106 2022 12 15 44115.40 423.821168 1813 58.90 6236 22.76
1107 2022 12 15 44115.80 424.221168 1813 58.90 6236 22.76
1108 2022 12 15 44116.40 424.621739 1814 58.93 6236 22.76
1109 2022 12 15 44116.80 425.021739 1813 58.90 6236 22.76
1110 2022 12 15 44116.40 425.422420 1813 58.90 6236 22.76
1111 2022 12 15 44116.80 425.822420 1813 58.90 6236 22.76
1112 2022 12 15 44117.00 425.822793 1813 58.90 6236 22.76
1113 2022 12 15 44117.40 426.222793 1813 58.90 6236 22.76
1114 2022 12 15 44118.00 426.623059 1814 58.93 6236 22.76
1115 2022 12 15 44118.40 427.023059 1813 58.90 6236 22.76
1116 2022 12 15 44119.00 427.423696 1813 58.90 6237 22.77
1117 2022 12 15 44119.40 427.823696 1814 58.93 6236 22.76
1118 2022 12 15 44119.80 428.223696 1814 58.93 6236 22.76
1119 2022 12 15 44120.40 428.624097 1813 58.90 6236 22.76
1120 2022 12 15 44120.80 429.024097 1814 58.93 6236 22.76
1121 2022 12 15 44120.40 429.424336 1813 58.90 6236 22.76
1122 2022 12 15 44120.80 429.824336 1814 58.93 6236 22.76
1123 2022 12 15 44121.40 430.224615 1813 58.90 6236 22.76
1124 2022 12 15 44121.80 430.624615 1814 58.93 6236 22.76
1125 2022 12 15 44122.40 431.024874 1813 58.90 6236 22.76
1126 2022 12 15 44122.80 431.424874 1814 58.93 6235 22.75
1127 2022 12 15 44123.40 431.825267 1814 58.93 6236 22.76
1128 2022 12 15 44123.80 432.225267 1814 58.93 6236 22.76
1129 2022 12 15 44124.40 432.625621 1814 58.93 6235 22.75
1130 2022 12 15 44124.80 433.025621 1813 58.90 6237 22.77
1131 2022 12 15 44124.40 433.426054 1814 58.93 6235 22.75
1132 2022 12 15 44124.80 433.826054 1813 58.90 6236 22.76
1133 2022 12 15 44125.40 434.226379 1814 58.93 6236 22.76
1134 2022 12 15 44125.80 434.626379 1814 58.93 6236 22.76
1135 2022 12 15 44126.00 434.626655 1814 58.93 6235 22.75
1136 2022 12 15 44126.40 435.026655 1814 58.93 6236 22.76
1137 2022 12 15 44127.00 435.426906 1813 58.90 6236 22.76
1138 2022 12 15 44127.40 435.826906 1814 58.93 6236 22.76
1139 2022 12 15 44128.00 436.227423 1813 58.90 6237 22.77
1140 2022 12 15 44128.40 436.627423 1814 58.93 6236 22.76
1141 2022 12 15 44128.80 437.027423 1813 58.90 6235 22.75
1142 2022 12 15 44128.40 437.428121 1814 58.93 6236 22.76
1143 2022 12 15 44128.80 437.828121 1813 58.90 6236 22.76
1144 2022 12 15 44129.40 438.228634 1813 58.90 6235 22.75
1145 2022 12 15 44129.80 438.628634 1813 58.90 6235 22.75
1146 2022 12 15 44130.40 439.029131 1814 58.93 6236 22.76
1147 2022 12 15 44130.80 439.429131 1814 58.93 6236 22.76
1148 2022 12 15 44131.40 439.829510 1814 58.93 6236 22.76
1149 2022 12 15 44131.80 440.229510 1813 58.90 6236 22.76
1150 2022 12 15 44132.40 440.629955 1814 58.93 6236 22.76
1151 2022 12 15 44132.80 441.029955 1813 58.90 6236 22.76
1152 2022 12 15 44132.40 441.430167 1814 58.93 6236 22.76
1153 2022 12 15 44132.80 441.830167 1813 58.90 6236 22.76
1154 2022 12 15 44133.40 442.230428 1813 58.90 6236 22.76
1155 2022 12 15 44133.80 442.630428 1813 58.90 6236 22.76
1156 2022 12 15 44134.00 442.630787 1813 58.90 6238 22.78
1157 2022 12 15 44134.40 443.030787 1814 58.93 6236 22.76
1158 2022 12 15 44135.00 443.431089 1813 58.90 6235 22.75
1159 2022 12 15 44135.40 443.831089 1813 58.90 6235 22.75
1160 2022 12 15 44136.00 444.231358 1813 58.90 6236 22.76
1161 2022 12 15 44136.40 444.631358 1814 58.93 6236 22.76
1162 2022 12 15 44136.80 445.031358 1813 58.90 6236 22.76
1163 2022 12 15 44136.40 445.431663 1813 58.90 6235 22.75
1164 2022 12 15 44136.80 445.831663 1813 58.90 6236 22.76
1165 2022 12 15 44137.40 446.231964 1813 58.90 6236 22.76
1166 2022 12 15 44137.80 446.631964 1813 58.90 6236 22.76
1167 2022 12 15 44138.40 447.032532 1813 58.90 6236 22.76
1168 2022 12 15 44138.80 447.432532 1813 58.90 6235 22.75
1169 2022 12 15 44139.40 447.833096 1813 58.90 6236 22.76
1170 2022 12 15 44139.80 448.233096 1813 58.90 6236 22.76
1171 2022 12 15 44140.40 448.633663 1813 58.90 6236 22.76
1172 2022 12 15 44140.80 449.033663 1813 58.90 6236 22.76
1173 2022 12 15 44140.40 449.434232 1813 58.90 6235 22.75
1174 2022 12 15 44140.80 449.834232 1813 58.90 6236 22.76
1175 2022 12 15 44141.40 450.234733 1813 58.90 6236 22.76
1176 2022 12 15 44141.80 450.634733 1813 58.90 6236 22.76
1177 2022 12 15 44142.40 451.035332 1813 58.90 6236 22.76
1178 2022 12 15 44142.80 451.435332 1813 58.90 6236 22.76
1179 2022 12 15 44143.00 451.435566 1814 58.93 6236 22.76
1180 2022 12 15 44143.40 451.835566 1813 58.90 6236 22.76
1181 2022 12 15 44144.00 452.236055 1813 58.90 6235 22.75
1182 2022 12 15 44144.40 452.636055 1813 58.90 6236 22.76
1183 2022 12 15 44144.00 453.036641 1813 58.90 6235 22.75
1184 2022 12 15 44144.40 453.436641 1813 58.90 6236 22.76
1185 2022 12 15 44144.80 453.836641 1813 58.90 6236 22.76
1186 2022 12 15 44145.40 454.237339 1813 58.90 6236 22.76
1187 2022 12 15 44145.80 454.637339 1813 58.90 6236 22.76
1188 2022 12 15 44146.40 455.037827 1814 58.93 6236 22.76
1189 2022 12 15 44146.80 455.437827 1814 58.93 6236 22.76
1190 2022 12 15 44147.40 455.838401 1813 58.90 6236 22.76
1191 2022 12 15 44147.80 456.238401 1813 58.90 6236 22.76
1192 2022 12 15 44148.40 456.638972 1813 58.90 6236 22.76
1193 2022 12 15 44148.80 457.038972 1814 58.93 6236 22.76
1194 2022 12 15 44148.40 457.439545 1814 58.93 6236 22.76
1195 2022 12 15 44148.80 457.839545 1813 58.90 6236 22.76
1196 2022 12 15 44149.40 458.239952 1814 58.93 6236 22.76
1197 2022 12 15 44149.80 458.639952 1813 58.90 6236 22.76
1198 2022 12 15 44150.40 459.040531 1813 58.90 6236 22.76
1199 2022 12 15 44150.80 459.440531 1814 58.93 6235 22.75
1200 2022 12 15 44151.00 459.441132 1814 58.93 6236 22.76
1201 2022 12 15 44151.40 459.841132 1813 58.90 6237 22.77
1202 2022 12 15 44152.00 460.241775 1813 58.90 6234 22.74
1203 2022 12 15 44152.40 460.641775 1814 58.93 6234 22.74
1204 2022 12 15 44152.00 461.042650 1813 58.90 6236 22.76
1205 2022 12 15 44152.40 461.442650 1813 58.90 6235 22.75
1206 2022 12 15 44152.80 461.842650 1813 58.90 6234 22.74
1207 2022 12 15 44153.40 462.243113 1813 58.90 6235 22.75
1208 2022 12 15 44153.80 462.643113 1813 58.90 6234 22.74
1209 2022 12 15 44154.40 463.043877 1813 58.90 6235 22.75
1210 2022 12 15 44154.80 463.443877 1814 58.93 6234 22.74
1211 2022 12 15 44155.40 463.844565 1814 58.93 6236 22.76
1212 2022 12 15 44155.80 464.244565 1813 58.90 6235 22.75
1213 2022 12 15 44156.40 464.644950 1814 58.93 6235 22.75
1214 2022 12 15 44156.80 465.044950 1813 58.90 6234 22.74
1215 2022 12 15 44156.40 465.445530 1813 58.90 6234 22.74
1216 2022 12 15 44156.80 465.845530 1814 58.93 6234 22.74
1217 2022 12 15 44157.40 466.246147 1814 58.93 6234 22.74
1218 2022 12 15 44157.80 466.646147 1814 58.93 6235 22.75
1219 2022 12 15 44158.40 467.046541 1813 58.90 6234 22.74
1220 2022 12 15 44158.80 467.446541 1813 58.90 6236 22.76
1221 2022 12 15 44159.00 467.447179 1813 58.90 6235 22.75
1222 2022 12 15 44159.40 467.847179 1814 58.93 6236 22.76
1223 2022 12 15 44160.00 468.247585 1814 58.93 6235 22.75
1224 2022 12 15 44160.40 468.647585 1814 58.93 6234 22.74
1225 2022 12 15 44160.00 469.047871 1813 58.90 6235 22.75
1226 2022 12 15 44160.40 469.447871 1814 58.93 6235 22.75
1227 2022 12 15 44161.00 469.848128 1813 58.90 6235 22.75
1228 2022 12 15 44161.40 470.248128 1814 58.93 6236 22.76
1229 2022 12 15 44161.80 470.648128 1813 58.90 6236 22.76
1230 2022 12 15 44162.40 471.048423 1813 58.90 6236 22.76
1231 2022 12 15 44162.80 471.448423 1813 58.90 6236 22.76
1232 2022 12 15 44163.40 471.848696 1813 58.90 6236 22.76
1233 2022 12 15 44163.80 472.248696 1812 58.87 6235 22.75
1234 2022 12 15 44164.40 472.648959 1813 58.90 6236 22.76
1235 2022 12 15 44164.80 473.048959 1814 58.93 6236 22.76
1236 2022 12 15 44164.40 473.449244 1813 58.90 6236 22.76
1237 2022 12 15 44164.80 473.849244 1812 58.87 6236 22.76
1238 2022 12 15 44165.40 474.249824 1813 58.90 6236 22.76
1239 2022 12 15 44165.80 474.649824 1813 58.90 6236 22.76
1240 2022 12 15 44166.40 475.050384 1813 58.90 6235 22.75
1241 2022 12 15 44166.80 475.450384 1813 58.90 6236 22.76
1242 2022 12 15 44167.40 475.851090 1813 58.90 6235 22.75
1243 2022 12 15 44167.80 476.251090 1813 58.90 6236 22.76
1244 2022 12 15 44168.00 476.251743 1812 58.87 6235 22.75
1245 2022 12 15 44168.40 476.651743 1813 58.90 6234 22.74
1246 2022 12 15 44168.00 477.052504 1813 58.90 6235 22.75
1247 2022 12 15 44168.40 477.452504 1813 58.90 6235 22.75
1248 2022 12 15 44169.00 477.853271 1813 58.90 6235 22.75
1249 2022 12 15 44169.40 478.253271 1813 58.90 6234 22.74
1250 2022 12 15 44169.80 478.653271 1813 58.90 6235 22.75
1251 2022 12 15 44170.40 479.054115 1813 58.90 6235 22.75
1252 2022 12 15 44170.80 479.454115 1813 58.90 6234 22.74
1253 2022 12 15 44171.40 479.854761 1813 58.90 6236 22.76
1254 2022 12 15 44171.80 480.254761 1813 58.90 6234 22.74
1255 2022 12 15 44172.40 480.655078 1813 58.90 6235 22.75
1256 2022 12 15 44172.80 481.055078 1813 58.90 6234 22.74
1257 2022 12 15 44172.40 481.455639 1813 58.90 6235 22.75
1258 2022 12 15 44172.80 481.855639 1813 58.90 6235 22.75
1259 2022 12 15 44173.40 482.256281 1813 58.90 6236 22.76
1260 2022 12 15 44173.80 482.656281 1813 58.90 6236 22.76
1261 2022 12 15 44174.40 483.056557 1813 58.90 6235 22.75
1262 2022 12 15 44174.80 483.456557 1813 58.90 6235 22.75
1263 2022 12 15 44175.40 483.857244 1813 58.90 6235 22.75
1264 2022 12 15 44175.80 484.257244 1813 58.90 6235 22.75
1265 2022 12 15 44176.40 484.657890 1813 58.90 6235 22.75
1266 2022 12 15 44176.80 485.057890 1813 58.90 6234 22.74
1267 2022 12 15 44176.00 485.058146 1813 58.90 6234 22.74
1268 2022 12 15 44176.40 485.458146 1812 58.86 6234 22.74
1269 2022 12 15 44177.00 485.858791 1813 58.90 6235 22.75
1270 2022 12 15 44177.40 486.258791 1813 58.90 6234 22.74
1271 2022 12 15 44178.00 486.659410 1813 58.90 6235 22.75
1272 2022 12 15 44178.40 487.059410 1813 58.90 6234 22.74
1273 2022 12 15 44178.80 487.459410 1813 58.90 6235 22.75
1274 2022 12 15 44179.40 487.859719 1814 58.93 6234 22.74
1275 2022 12 15 44179.80 488.259719 1813 58.90 6234 22.74
1276 2022 12 15 44180.40 488.659976 1813 58.90 6234 22.74
1277 2022 12 15 44180.80 489.059976 1813 58.90 6234 22.74
1278 2022 12 15 44180.40 489.460399 1814 58.93 6235 22.75
1279 2022 12 15 44180.80 489.860399 1813 58.90 6234 22.74
1280 2022 12 15 44181.40 490.260658 1813 58.90 6234 22.74
1281 2022 12 15 44181.80 490.660658 1813 58.90 6234 22.74
1282 2022 12 15 44182.40 491.060870 1814 58.93 6233 22.73
1283 2022 12 15 44182.80 491.460870 1814 58.92 6233 22.73
1284 2022 12 15 44183.40 491.861142 1813 58.89 6234 22.74
1285 2022 12 15 44183.80 492.261142 1813 58.90 6234 22.74
1286 2022 12 15 44184.40 492.661652 1814 58.93 6234 22.74
1287 2022 12 15 44184.80 493.061652 1813 58.90 6234 22.74
1288 2022 12 15 44184.00 493.061934 1814 58.93 6234 22.74
1289 2022 12 15 44184.40 493.461934 1814 58.93 6234 22.74
1290 2022 12 15 44185.00 493.862431 1814 58.93 6234 22.74
1291 2022 12 15 44185.40 494.262431 1813 58.90 6234 22.74
1292 2022 12 15 44186.00 494.662949 1813 58.90 6234 22.74
1293 2022 12 15 44186.40 495.062949 1814 58.93 6234 22.74
1294 2022 12 15 44186.80 495.462949 1814 58.93 6234 22.74
1295 2022 12 15 44187.40 495.863441 1813 58.90 6234 22.74
1296 2022 12 15 44187.80 496.263441 1813 58.90 6235 22.75
1297 2022 12 15 44188.40 496.664029 1813 58.90 6234 22.74
1298 2022 12 15 44188.80 497.064029 1813 58.90 6234 22.74
1299 2022 12 15 44188.40 497.464805 1814 58.93 6234 22.74
1300 2022 12 15 44188.80 497.864805 1814 58.93 6233 22.73
1301 2022 12 15 44189.40 498.265347 1814 58.92 6235 22.75
1302 2022 12 15 44189.80 498.665347 1814 58.93 6234 22.74
1303 2022 12 15 44190.40 499.065979 1813 58.90 6235 22.75
1304 2022 12 15 44190.80 499.465979 1814 58.93 6234 22.74
1305 2022 12 15 44191.40 499.866688 1813 58.90 6234 22.74
1306 2022 12 15 44191.80 500.266688 1814 58.93 6234 22.74
1307 2022 12 15 44192.40 500.667438 1813 58.90 6234 22.74
1308 2022 12 15 44192.80 501.067438 1814 58.93 6234 22.74
1309 2022 12 15 44192.40 501.468096 1813 58.90 6234 22.74
1310 2022 12 15 44192.80 501.868096 1814 58.93 6235 22.75
1311 2022 12 15 44193.00 501.868828 1814 58.93 6235 22.75
1312 2022 12 15 44193.40 502.268828 1814 58.93 6234 22.74
1313 2022 12 15 44194.00 502.669709 1814 58.93 6234 22.74
1314 2022 12 15 44194.40 503.069709 1813 58.90 6234 22.74
1315 2022 12 15 44195.00 503.470112 1813 58.90 6235 22.75
1316 2022 12 15 44195.40 503.870112 1814 58.93 6236 22.76
1317 2022 12 15 44195.80 504.270112 1813 58.90 6235 22.75
1318 2022 12 15 44196.40 504.670671 1813 58.90 6234 22.74
1319 2022 12 15 44196.80 505.070671 1814 58.93 6235 22.75
1320 2022 12 15 44196.40 505.471421 1814 58.93 6236 22.76
1321 2022 12 15 44196.80 505.871421 1814 58.93 6236 22.76
1322 2022 12 15 44197.40 506.272204 1813 58.90 6236 22.76
1323 2022 12 15 44197.80 506.672204 1814 58.93 6236 22.76
1324 2022 12 15 44198.40 507.072948 1813 58.90 6236 22.76
1325 2022 12 15 44198.80 507.472948 1814 58.93 6236 22.76
1326 2022 12 15 44199.40 507.873533 1813 58.90 6236 22.76
1327 2022 12 15 44199.80 508.273533 1813 58.90 6236 22.76
1328 2022 12 15 44200.40 508.674400 1813 58.90 6235 22.75
1329 2022 12 15 44200.80 509.074400 1813 58.90 6236 22.76
1330 2022 12 15 44200.40 509.475226 1813 58.90 6236 22.76
1331 2022 12 15 44200.80 509.875226 1813 58.90 6236 22.76
1332 2022 12 15 44201.00 509.875880 1813 58.90 6236 22.76
1333 2022 12 15 44201.40 510.275880 1813 58.90 6236 22.76
1334 2022 12 15 44202.00 510.676523 1813 58.90 6236 22.76
1335 2022 12 15 44202.40 511.076523 1813 58.90 6235 22.75
1336 2022 12 15 44203.00 511.477204 1813 58.90 6236 22.76
1337 2022 12 15 44203.40 511.877204 1813 58.90 6236 22.76
1338 2022 12 15 44203.80 512.277204 1813 58.90 6237 22.77
1339 2022 12 15 44204.40 512.678079 1813 58.90 6237 22.77
1340 2022 12 15 44204.80 513.078079 1813 58.90 6235 22.75
1341 2022 12 15 44204.40 513.478670 1812 58.87 6236 22.76
1342 2022 12 15 44204.80 513.878670 1813 58.90 6236 22.76
1343 2022 12 15 44205.40 514.279327 1812 58.87 6235 22.75
1344 2022 12 15 44205.80 514.679327 1812 58.87 6236 22.76
1345 2022 12 15 44206.40 515.080101 1813 58.90 6236 22.76
1346 2022 12 15 44206.80 515.480101 1813 58.90 6237 22.77
1347 2022 12 15 44207.40 515.880516 1813 58.90 6238 22.78
1348 2022 12 15 44207.80 516.280516 1812 58.87 6236 22.76
1349 2022 12 15 44208.40 516.680938 1813 58.90 6236 22.76
1350 2022 12 15 44208.80 517.080938 1813 58.90 6236 22.76
1351 2022 12 15 44208.40 517.481359 1812 58.87 6237 22.77
1352 2022 12 15 44208.80 517.881359 1813 58.90 6237 22.77
1353 2022 12 15 44209.40 518.281777 1812 58.87 6237 22.77
1354 2022 12 15 44209.80 518.681777 1813 58.90 6237 22.77
1355 2022 12 15 44210.00 518.682362 1812 58.87 6237 22.77
1356 2022 12 15 44210.40 519.082362 1812 58.87 6237 22.77
1357 2022 12 15 44211.00 519.482878 1812 58.87 6238 22.78
1358 2022 12 15 44211.40 519.882878 1812 58.87 6236 22.76
1359 2022 12 15 44212.00 520.283688 1812 58.87 6237 22.77
1360 2022 12 15 44212.40 520.683688 1812 58.87 6236 22.76
1361 2022 12 15 44212.80 521.083688 1812 58.87 6238 22.78
1362 2022 12 15 44212.40 521.484686 1812 58.87 6236 22.76
1363 2022 12 15 44212.80 521.884686 1812 58.87 6237 22.77
1364 2022 12 15 44213.40 522.285340 1812 58.87 6237 22.77
1365 2022 12 15 44213.80 522.685340 1812 58.87 6237 22.77
1366 2022 12 15 44214.40 523.086277 1812 58.87 6236 22.76
1367 2022 12 15 44214.80 523.486277 1812 58.87 6237 22.77
1368 2022 12 15 44215.40 523.887107 1812 58.87 6237 22.77
1369 2022 12 15 44215.80 524.287107 1812 58.87 6236 22.76
1370 2022 12 15 44216.40 524.687542 1812 58.87 6236 22.76
1371 2022 12 15 44216.80 525.087542 1812 58.87 6236 22.76
1372 2022 12 15 44216.40 525.488351 1812 58.87 6236 22.76
1373 2022 12 15 44216.80 525.888351 1812 58.87 6236 22.76
1374 2022 12 15 44217.40 526.289242 1812 58.87 6236 22.76
1375 2022 12 15 44217.80 526.689242 1812 58.87 6237 22.77
1376 2022 12 15 44218.40 527.089879 1812 58.87 6236 22.76
1377 2022 12 15 44218.80 527.489879 1812 58.87 6237 22.77
1378 2022 12 15 44219.00 527.490644 1812 58.87 6236 22.76
1379 2022 12 15 44219.40 527.890644 1812 58.87 6236 22.76
1380 2022 12 15 44220.00 528.291155 1812 58.87 6237 22.77
1381 2022 12 15 44220.40 528.691155 1812 58.87 6237 22.77
1382 2022 12 15 44220.80 529.091155 1812 58.87 6237 22.77
1383 2022 12 15 44220.40 529.491424 1812 58.87 6236 22.76
1384 2022 12 15 44220.80 529.891424 1812 58.87 6236 22.76
1385 2022 12 15 44221.40 530.291686 1812 58.87 6236 22.76
1386 2022 12 15 44221.80 530.691686 1812 58.87 6237 22.77
1387 2022 12 15 44222.40 531.091958 1812 58.87 6236 22.76
1388 2022 12 15 44222.80 531.491958 1813 58.90 6236 22.76
1389 2022 12 15 44223.40 531.892234 1812 58.87 6236 22.76
1390 2022 12 15 44223.80 532.292234 1812 58.87 6237 22.77
1391 2022 12 15 44224.40 532.692499 1813 58.90 6236 22.76
1392 2022 12 15 44224.80 533.092499 1812 58.87 6236 22.76
1393 2022 12 15 44224.40 533.492779 1812 58.87 6236 22.76
1394 2022 12 15 44224.80 533.892779 1812 58.87 6236 22.76
1395 2022 12 15 44225.40 534.293349 1812 58.87 6236 22.76
1396 2022 12 15 44225.80 534.693349 1813 58.90 6236 22.76
1397 2022 12 15 44226.40 535.093676 1812 58.87 6236 22.76
1398 2022 12 15 44226.80 535.493676 1812 58.87 6236 22.76
1399 2022 12 15 44227.00 535.493974 1813 58.90 6236 22.76
1400 2022 12 15 44227.40 535.893974 1812 58.87 6236 22.76
1401 2022 12 15 44228.00 536.294243 1812 58.87 6236 22.76
1402 2022 12 15 44228.40 536.694243 1813 58.90 6235 22.75
1403 2022 12 15 44228.00 537.094766 1813 58.90 6236 22.76
1404 2022 12 15 44228.40 537.494766 1813 58.90 6236 22.76
1405 2022 12 15 44228.80 537.894766 1813 58.90 6236 22.76
1406 2022 12 15 44229.40 538.295384 1813 58.90 6235 22.75
1407 2022 12 15 44229.80 538.695384 1812 58.87 6236 22.76
1408 2022 12 15 44230.40 539.096240 1813 58.90 6235 22.75
1409 2022 12 15 44230.80 539.496240 1812 58.87 6236 22.76
1410 2022 12 15 44231.40 539.896824 1812 58.87 6235 22.75
1411 2022 12 15 44231.80 540.296824 1813 58.90 6236 22.76
1412 2022 12 15 44232.40 540.697434 1813 58.90 6235 22.75
1413 2022 12 15 44232.80 541.097434 1813 58.90 6236 22.76
1414 2022 12 15 44232.40 541.498031 1813 58.90 6236 22.76
1415 2022 12 15 44232.80 541.898031 1813 58.90 6235 22.75
1416 2022 12 15 44233.40 542.298620 1813 58.90 6236 22.76
1417 2022 12 15 44233.80 542.698620 1813 58.90 6236 22.76
1418 2022 12 15 44234.40 543.099118 1812 58.87 6235 22.75
1419 2022 12 15 44234.80 543.499118 1813 58.90 6236 22.76
1420 2022 12 15 44235.40 543.899325 1813 58.90 6235 22.75
1421 2022 12 15 44235.80 544.299325 1813 58.90 6236 22.76
1422 2022 12 15 44236.00 544.299680 1813 58.90 6236 22.76
1423 2022 12 15 44236.40 544.699680 1813 58.90 6236 22.76
1424 2022 12 15 44237.00 545.099992 1813 58.90 6235 22.75
1425 2022 12 15 44237.40 545.499992 1813 58.90 6236 22.76
1426 2022 12 15 44237.00 545.900219 1813 58.90 6236 22.76
1427 2022 12 15 44237.40 546.300219 1813 58.90 6236 22.76
1428 2022 12 15 44237.80 546.700219 1813 58.90 6236 22.76
1429 2022 12 15 44238.40 547.100612 1813 58.90 6236 22.76
1430 2022 12 15 44238.80 547.500612 1813 58.90 6236 22.76
1431 2022 12 15 44239.40 547.901035 1813 58.90 6236 22.76
1432 2022 12 15 44239.80 548.301035 1813 58.90 6235 22.75
1433 2022 12 15 44240.40 548.701440 1813 58.90 6235 22.75
1434 2022 12 15 44240.80 549.101440 1813 58.90 6236 22.76
1435 2022 12 15 44241.40 549.501894 1813 58.90 6236 22.76
1436 2022 12 15 44241.80 549.901894 1813 58.90 6235 22.75
1437 2022 12 15 44241.40 550.302365 1813 58.90 6236 22.76
1438 2022 12 15 44241.80 550.702365 1813 58.90 6236 22.76
1439 2022 12 15 44242.40 551.102832 1813 58.90 6236 22.76
1440 2022 12 15 44242.80 551.502832 1813 58.90 6237 22.77
1441 2022 12 15 44243.40 551.903123 1813 58.90 6236 22.76
1442 2022 12 15 44243.80 552.303123 1813 58.90 6237 22.77
1443 2022 12 15 44244.00 552.303641 1813 58.90 6237 22.77
1444 2022 12 15 44244.40 552.703641 1813 58.90 6236 22.76
1445 2022 12 15 44245.00 553.104031 1813 58.90 6237 22.77
1446 2022 12 15 44245.40 553.504031 1813 58.90 6237 22.77
1447 2022 12 15 44245.00 553.904527 1813 58.90 6236 22.76
1448 2022 12 15 44245.40 554.304527 1813 58.90 6237 22.77
1449 2022 12 15 44245.80 554.704527 1813 58.90 6237 22.77
1450 2022 12 15 44246.40 555.105009 1813 58.90 6236 22.76
1451 2022 12 15 44246.80 555.505009 1813 58.90 6236 22.76
1452 2022 12 15 44247.40 555.905571 1813 58.90 6236 22.76
1453 2022 12 15 44247.80 556.305571 1813 58.90 6237 22.77
1454 2022 12 15 44248.40 556.706123 1813 58.90 6236 22.76
1455 2022 12 15 44248.80 557.106123 1813 58.90 6237 22.77
1456 2022 12 15 44249.40 557.506751 1814 58.93 6235 22.75
1457 2022 12 15 44249.80 557.906751 1813 58.90 6237 22.77
1458 2022 12 15 44249.40 558.307454 1813 58.90 6236 22.76
1459 2022 12 15 44249.80 558.707454 1813 58.90 6236 22.76
1460 2022 12 15 44250.40 559.107939 1813 58.90 6237 22.77
1461 2022 12 15 44250.80 559.507939 1813 58.90 6236 22.76
1462 2022 12 15 44251.40 559.908500 1813 58.90 6236 22.76
1463 2022 12 15 44251.80 560.308500 1813 58.90 6236 22.76
1464 2022 12 15 44252.40 560.709125 1813 58.90 6236 22.76
1465 2022 12 15 44252.80 561.109125 1813 58.90 6235 22.75
1466 2022 12 15 44253.00 561.109787 1813 58.90 6236 22.76
1467 2022 12 15 44253.40 561.509787 1813 58.90 6236 22.76
1468 2022 12 15 44253.00 561.910252 1813 58.90 6236 22.76
1469 2022 12 15 44253.40 562.310252 1813 58.90 6236 22.76
1470 2022 12 15 44254.00 562.710870 1813 58.90 6236 22.76
1471 2022 12 15 44254.40 563.110870 1813 58.90 6236 22.76
1472 2022 12 15 44254.80 563.510870 1813 58.90 6236 22.76
1473 2022 12 15 44255.40 563.911745 1813 58.90 6236 22.76
1474 2022 12 15 44255.80 564.311745 1813 58.90 6236 22.76
1475 2022 12 15 44256.40 564.712318 1813 58.90 6234 22.74
1476 2022 12 15 44256.80 565.112318 1814 58.93 6235 22.75
1477 2022 12 15 44257.40 565.513075 1813 58.90 6235 22.75
1478 2022 12 15 44257.80 565.913075 1813 58.90 6235 22.75
1479 2022 12 15 44257.40 566.313639 1814 58.93 6235 22.75
1480 2022 12 15 44257.80 566.713639 1813 58.90 6234 22.74
1481 2022 12 15 44258.40 567.114213 1814 58.93 6235 22.75
1482 2022 12 15 44258.80 567.514213 1813 58.90 6234 22.74
1483 2022 12 15 44259.40 567.915050 1814 58.93 6235 22.75
1484 2022 12 15 44259.80 568.315050 1813 58.90 6234 22.74
1485 2022 12 15 44260.40 568.715932 1814 58.93 6234 22.74
1486 2022 12 15 44260.80 569.115932 1814 58.93 6234 22.74
1487 2022 12 15 44261.00 569.116818 1814 58.93 6234 22.74
1488 2022 12 15 44261.40 569.516818 1814 58.93 6234 22.74
1489 2022 12 15 44261.00 569.917334 1814 58.93 6235 22.75
1490 2022 12 15 44261.40 570.317334 1814 58.93 6234 22.74
1491 2022 12 15 44262.00 570.717860 1814 58.93 6234 22.74
1492 2022 12 15 44262.40 571.117860 1814 58.93 6233 22.73
1493 2022 12 15 44262.80 571.517860 1814 58.92 6234 22.74
1494 2022 12 15 44263.40 571.918615 1814 58.93 6234 22.74
1495 2022 12 15 44263.80 572.318615 1814 58.93 6234 22.74
1496 2022 12 15 44264.40 572.719345 1814 58.93 6234 22.74
1497 2022 12 15 44264.80 573.119345 1814 58.93 6233 22.73
1498 2022 12 15 44265.40 573.519824 1814 58.92 6233 22.73
1499 2022 12 15 44265.80 573.919824 1815 58.96 6234 22.74
1500 2022 12 15 44265.40 574.320533 1814 58.93 6235 22.75
1501 2022 12 15 44265.80 574.720533 1814 58.93 6235 22.75
1502 2022 12 15 44266.40 575.121239 1815 58.96 6234 22.74
1503 2022 12 15 44266.80 575.521239 1815 58.96 6234 22.74
1504 2022 12 15 44267.40 575.921751 1815 58.96 6234 22.74
1505 2022 12 15 44267.80 576.321751 1815 58.96 6234 22.74
1506 2022 12 15 44268.40 576.722353 1814 58.93 6234 22.74
1507 2022 12 15 44268.80 577.122353 1815 58.96 6234 22.74
1508 2022 12 15 44269.40 577.523087 1815 58.96 6234 22.74
1509 2022 12 15 44269.80 577.923087 1814 58.93 6234 22.74
1510 2022 12 15 44269.00 577.923820 1814 58.93 6234 22.74
1511 2022 12 15 44269.40 578.323820 1815 58.96 6234 22.74
1512 2022 12 15 44270.00 578.724497 1815 58.96 6234 22.74
1513 2022 12 15 44270.40 579.124497 1815 58.96 6235 22.75
1514 2022 12 15 44271.00 579.525277 1815 58.96 6234 22.74
1515 2022 12 15 44271.40 579.925277 1815 58.96 6234 22.74
1516 2022 12 15 44271.80 580.325277 1815 58.96 6234 22.74
1517 2022 12 15 44272.40 580.726174 1815 58.96 6234 22.74
1518 2022 12 15 44272.80 581.126174 1815 58.96 6234 22.74
1519 2022 12 15 44273.40 581.526714 1815 58.96 6234 22.74
1520 2022 12 15 44273.80 581.926714 1814 58.93 6234 22.74
1521 2022 12 15 44273.40 582.327259 1815 58.96 6234 22.74
1522 2022 12 15 44273.80 582.727259 1815 58.96 6234 22.74
1523 2022 12 15 44274.40 583.127936 1815 58.96 6234 22.74
1524 2022 12 15 44274.80 583.527936 1815 58.96 6234 22.74
1525 2022 12 15 44275.40 583.928703 1815 58.96 6235 22.75
1526 2022 12 15 44275.80 584.328703 1815 58.96 6234 22.74
1527 2022 12 15 44276.40 584.729143 1815 58.96 6234 22.74
1528 2022 12 15 44276.80 585.129143 1815 58.96 6234 22.74
1529 2022 12 15 44277.40 585.529578 1815 58.96 6234 22.74
1530 2022 12 15 44277.80 585.929578 1815 58.96 6234 22.74
1531 2022 12 15 44277.00 585.930270 1815 58.96 6234 22.74
1532 2022 12 15 44277.40 586.330270 1815 58.96 6234 22.74
1533 2022 12 15 44278.00 586.730881 1815 58.96 6234 22.74
1534 2022 12 15 44278.40 587.130881 1816 58.99 6234 22.74
1535 2022 12 15 44279.00 587.531711 1816 58.99 6235 22.75
1536 2022 12 15 44279.40 587.931711 1815 58.96 6234 22.74
1537 2022 12 15 44279.80 588.331711 1815 58.96 6234 22.74
1538 2022 12 15 44280.40 588.732334 1815 58.96 6234 22.74
1539 2022 12 15 44280.80 589.132334 1815 58.96 6234 22.74
1540 2022 12 15 44281.40 589.532726 1815 58.96 6234 22.74
1541 2022 12 15 44281.80 589.932726 1815 58.96 6234 22.74
1542 2022 12 15 44281.40 590.333250 1816 58.99 6234 22.74
1543 2022 12 15 44281.80 590.733250 1815 58.96 6234 22.74
1544 2022 12 15 44282.40 591.133767 1815 58.96 6234 22.74
1545 2022 12 15 44282.80 591.533767 1815 58.96 6234 22.74
1546 2022 12 15 44283.40 591.934316 1816 58.99 6234 22.74
1547 2022 12 15 44283.80 592.334316 1815 58.96 6234 22.74
1548 2022 12 15 44284.40 592.734590 1815 58.96 6235 22.75
1549 2022 12 15 44284.80 593.134590 1815 58.96 6234 22.74
1550 2022 12 15 44285.40 593.534883 1815 58.96 6235 22.75
1551 2022 12 15 44285.80 593.934883 1816 58.99 6235 22.75
1552 2022 12 15 44285.40 594.335160 1815 58.96 6234 22.74
1553 2022 12 15 44285.80 594.735160 1815 58.96 6235 22.75
1554 2022 12 15 44286.00 594.735457 1815 58.96 6235 22.75
1555 2022 12 15 44286.40 595.135457 1815 58.96 6235 22.75
1556 2022 12 15 44287.00 595.535773 1815 58.96 6236 22.76
1557 2022 12 15 44287.40 595.935773 1815 58.96 6235 22.75
1558 2022 12 15 44288.00 596.336429 1814 58.93 6234 22.74
1559 2022 12 15 44288.40 596.736429 1815 58.96 6235 22.75
1560 2022 12 15 44288.80 597.136429 1815 58.96 6234 22.74
1561 2022 12 15 44289.40 597.537052 1814 58.93 6234 22.74
1562 2022 12 15 44289.80 597.937052 1815 58.96 6235 22.75
1563 2022 12 15 44289.40 598.337359 1814 58.93 6235 22.75
1564 2022 12 15 44289.80 598.737359 1814 58.93 6234 22.74
1565 2022 12 15 44290.40 599.137821 1814 58.93 6234 22.74
1566 2022 12 15 44290.80 599.537821 1814 58.93 6235 22.75
1567 2022 12 15 44291.40 599.938288 1814 58.93 6234 22.74
1568 2022 12 15 44291.80 600.338288 1814 58.93 