n anno mese giorno hum_int time RH_raw RH_true temp_int temp_corr
0 2022 12 15 42028.00 0.841752 1806 55.17 6237 22.77
1 2022 12 15 42028.00 1.262623 1806 58.68 6237 22.77
2 2022 12 15 42028.00 1.683165 1805 58.65 6236 22.76
3 2022 12 15 42028.40 2.083165 1806 58.68 6237 22.77
4 2022 12 15 42029.40 2.503791 1806 58.68 6237 22.77
5 2022 12 15 42029.40 2.924077 1806 58.68 6238 22.78
6 2022 12 15 42030.40 3.344459 1806 58.69 6238 22.78
7 2022 12 15 42030.40 3.764989 1806 58.69 6238 22.78
8 2022 12 15 42030.40 4.185633 1806 58.69 6238 22.78
9 2022 12 15 42031.40 4.606334 1806 58.69 6237 22.77
10 2022 12 15 42031.40 5.026812 1806 58.68 6237 22.77
11 2022 12 15 42032.00 5.047412 1806 58.68 6238 22.78
12 2022 12 15 42032.00 5.468028 1805 58.66 6238 22.78
13 2022 12 15 42032.40 5.868028 1806 58.69 6238 22.78
14 2022 12 15 42033.40 6.288325 1806 58.69 6238 22.78
15 2022 12 15 42033.40 6.708602 1806 58.69 6238 22.78
16 2022 12 15 42033.40 7.129206 1806 58.69 6238 22.78
17 2022 12 15 42034.40 7.549508 1805 58.66 6238 22.78
18 2022 12 15 42034.40 7.969901 1806 58.69 6239 22.79
19 2022 12 15 42035.40 8.390460 1806 58.69 6238 22.78
20 2022 12 15 42035.40 8.811072 1806 58.69 6238 22.78
21 2022 12 15 42036.40 9.231669 1806 58.69 6238 22.78
22 2022 12 15 42036.00 9.252006 1806 58.69 6239 22.79
23 2022 12 15 42036.00 9.672271 1806 58.69 6238 22.78
24 2022 12 15 42036.40 10.072271 1806 58.69 6238 22.78
25 2022 12 15 42037.40 10.492982 1806 58.69 6238 22.78
26 2022 12 15 42037.40 10.913464 1806 58.69 6239 22.79
27 2022 12 15 42038.40 11.333878 1806 58.69 6239 22.79
28 2022 12 15 42038.40 11.754403 1806 58.69 6239 22.79
29 2022 12 15 42038.40 12.174607 1806 58.69 6240 22.80
30 2022 12 15 42039.40 12.595125 1806 58.69 6239 22.79
31 2022 12 15 42039.40 13.015711 1806 58.69 6240 22.80
32 2022 12 15 42040.00 13.036342 1805 58.66 6240 22.80
33 2022 12 15 42040.00 13.456655 1806 58.69 6238 22.78
34 2022 12 15 42041.00 13.877208 1806 58.69 6238 22.78
35 2022 12 15 42041.40 14.277208 1806 58.69 6239 22.79
36 2022 12 15 42041.40 14.697820 1806 58.69 6238 22.78
37 2022 12 15 42041.40 15.118516 1806 58.69 6238 22.78
38 2022 12 15 42042.40 15.538818 1806 58.69 6237 22.77
39 2022 12 15 42042.40 15.959076 1806 58.68 6238 22.78
40 2022 12 15 42043.40 16.379352 1806 58.69 6238 22.78
41 2022 12 15 42043.40 16.799824 1806 58.69 6239 22.79
42 2022 12 15 42044.40 17.220362 1807 58.72 6239 22.79
43 2022 12 15 42044.00 17.241003 1806 58.69 6238 22.78
44 2022 12 15 42044.00 17.661275 1806 58.69 6238 22.78
45 2022 12 15 42045.00 18.081683 1806 58.69 6238 22.78
46 2022 12 15 42045.40 18.481683 1807 58.72 6238 22.78
47 2022 12 15 42045.40 18.902352 1806 58.69 6238 22.78
48 2022 12 15 42046.40 19.322841 1806 58.69 6238 22.78
49 2022 12 15 42046.40 19.743147 1807 58.72 6239 22.79
50 2022 12 15 42046.40 20.163634 1807 58.72 6238 22.78
51 2022 12 15 42047.40 20.584258 1807 58.72 6239 22.79
52 2022 12 15 42047.40 21.004480 1806 58.69 6238 22.78
53 2022 12 15 42048.40 21.424776 1807 58.72 6238 22.78
54 2022 12 15 42048.00 21.445379 1807 58.72 6236 22.76
55 2022 12 15 42049.00 21.865984 1806 58.68 6237 22.77
56 2022 12 15 42049.00 22.286552 1807 58.72 6237 22.77
57 2022 12 15 42049.40 22.686552 1806 58.68 6237 22.77
58 2022 12 15 42049.40 23.106944 1806 58.68 6239 22.79
59 2022 12 15 42050.40 23.527493 1806 58.69 6237 22.77
60 2022 12 15 42050.40 23.948002 1807 58.72 6237 22.77
61 2022 12 15 42051.40 24.368318 1807 58.72 6237 22.77
62 2022 12 15 42051.40 24.788837 1806 58.68 6237 22.77
63 2022 12 15 42052.40 25.209504 1807 58.72 6238 22.78
64 2022 12 15 42052.40 25.629799 1807 58.72 6237 22.77
65 2022 12 15 42052.40 26.050332 1806 58.68 6237 22.77
66 2022 12 15 42053.00 26.070937 1806 58.68 6238 22.78
67 2022 12 15 42053.00 26.491221 1806 58.69 6237 22.77
68 2022 12 15 42053.40 26.891221 1806 58.68 6237 22.77
69 2022 12 15 42054.40 27.311865 1806 58.68 6236 22.76
70 2022 12 15 42054.40 27.732168 1806 58.68 6237 22.77
71 2022 12 15 42054.40 28.152416 1806 58.68 6237 22.77
72 2022 12 15 42055.40 28.572909 1806 58.68 6238 22.78
73 2022 12 15 42055.40 28.993205 1806 58.69 6237 22.77
74 2022 12 15 42056.40 29.413662 1807 58.72 6238 22.78
75 2022 12 15 42056.40 29.834255 1807 58.72 6237 22.77
76 2022 12 15 42057.00 29.854923 1806 58.68 6237 22.77
77 2022 12 15 42057.00 30.275311 1806 58.68 6236 22.76
78 2022 12 15 42057.00 30.695760 1806 58.68 6238 22.78
79 2022 12 15 42057.40 31.095760 1807 58.72 6237 22.77
80 2022 12 15 42058.40 31.516224 1806 58.68 6237 22.77
81 2022 12 15 42058.40 31.936629 1807 58.72 6237 22.77
82 2022 12 15 42059.40 32.356991 1806 58.68 6237 22.77
83 2022 12 15 42059.40 32.777213 1807 58.72 6238 22.78
84 2022 12 15 42060.40 33.197390 1807 58.72 6237 22.77
85 2022 12 15 42060.40 33.617593 1807 58.72 6237 22.77
86 2022 12 15 42060.40 34.037793 1806 58.68 6238 22.78
87 2022 12 15 42061.00 34.058005 1807 58.72 6236 22.76
88 2022 12 15 42061.00 34.478223 1807 58.71 6238 22.78
89 2022 12 15 42062.00 34.898447 1807 58.72 6238 22.78
90 2022 12 15 42062.40 35.298447 1807 58.72 6238 22.78
91 2022 12 15 42062.40 35.718706 1807 58.72 6237 22.77
92 2022 12 15 42062.40 36.138924 1807 58.72 6239 22.79
93 2022 12 15 42063.40 36.559166 1807 58.72 6237 22.77
94 2022 12 15 42063.40 36.979389 1807 58.72 6237 22.77
95 2022 12 15 42064.40 37.399610 1807 58.72 6237 22.77
96 2022 12 15 42064.40 37.819837 1807 58.72 6237 22.77
97 2022 12 15 42065.40 38.240044 1807 58.72 6238 22.78
98 2022 12 15 42065.00 38.260493 1807 58.72 6238 22.78
99 2022 12 15 42065.00 38.680762 1807 58.72 6237 22.77
100 2022 12 15 42066.00 39.101275 1807 58.72 6238 22.78
101 2022 12 15 42066.40 39.501275 1807 58.72 6238 22.78
102 2022 12 15 42066.40 39.921801 1807 58.72 6238 22.78
103 2022 12 15 42067.40 40.342349 1807 58.72 6236 22.76
104 2022 12 15 42067.40 40.762827 1807 58.71 6237 22.77
105 2022 12 15 42067.40 41.182997 1807 58.72 6238 22.78
106 2022 12 15 42068.40 41.603426 1807 58.72 6237 22.77
107 2022 12 15 42068.40 42.023751 1807 58.72 6237 22.77
108 2022 12 15 42069.40 42.443945 1807 58.72 6237 22.77
109 2022 12 15 42069.40 42.864353 1807 58.72 6237 22.77
110 2022 12 15 42070.00 42.884878 1807 58.72 6236 22.76
111 2022 12 15 42070.00 43.305496 1807 58.71 6237 22.77
112 2022 12 15 42070.40 43.705496 1807 58.72 6236 22.76
113 2022 12 15 42070.40 44.125898 1807 58.71 6236 22.76
114 2022 12 15 42071.40 44.546408 1807 58.71 6237 22.77
115 2022 12 15 42071.40 44.966978 1807 58.72 6237 22.77
116 2022 12 15 42072.40 45.387479 1807 58.72 6236 22.76
117 2022 12 15 42072.40 45.807715 1807 58.71 6237 22.77
118 2022 12 15 42073.40 46.228228 1808 58.75 6237 22.77
119 2022 12 15 42073.40 46.648389 1808 58.75 6236 22.76
120 2022 12 15 42073.00 46.668944 1807 58.71 6236 22.76
121 2022 12 15 42074.00 47.089420 1808 58.74 6236 22.76
122 2022 12 15 42074.00 47.509942 1808 58.74 6237 22.77
123 2022 12 15 42074.40 47.909942 1808 58.75 6236 22.76
124 2022 12 15 42075.40 48.330592 1808 58.74 6235 22.75
125 2022 12 15 42075.40 48.751208 1808 58.74 6236 22.76
126 2022 12 15 42075.40 49.171705 1808 58.74 6236 22.76
127 2022 12 15 42076.40 49.592273 1808 58.74 6236 22.76
128 2022 12 15 42076.40 50.012554 1808 58.74 6236 22.76
129 2022 12 15 42077.40 50.432937 1808 58.74 6236 22.76
130 2022 12 15 42077.40 50.853176 1807 58.71 6235 22.75
131 2022 12 15 42078.00 50.873729 1808 58.74 6237 22.77
132 2022 12 15 42078.00 51.294189 1807 58.72 6236 22.76
133 2022 12 15 42078.00 51.714407 1808 58.74 6236 22.76
134 2022 12 15 42078.40 52.114407 1808 58.74 6236 22.76
135 2022 12 15 42079.40 52.534805 1808 58.74 6235 22.75
136 2022 12 15 42079.40 52.955185 1808 58.74 6235 22.75
137 2022 12 15 42080.40 53.375356 1808 58.74 6237 22.77
138 2022 12 15 42080.40 53.795722 1808 58.75 6236 22.76
139 2022 12 15 42081.40 54.216279 1808 58.74 6235 22.75
140 2022 12 15 42081.40 54.636896 1808 58.74 6236 22.76
141 2022 12 15 42081.40 55.057133 1808 58.74 6235 22.75
142 2022 12 15 42082.00 55.077369 1808 58.74 6236 22.76
143 2022 12 15 42082.00 55.497719 1808 58.74 6236 22.76
144 2022 12 15 42083.00 55.918335 1808 58.74 6236 22.76
145 2022 12 15 42083.40 56.318335 1808 58.74 6235 22.75
146 2022 12 15 42083.40 56.738526 1808 58.74 6236 22.76
147 2022 12 15 42083.40 57.159058 1808 58.74 6235 22.75
148 2022 12 15 42084.40 57.579672 1808 58.74 6236 22.76
149 2022 12 15 42084.40 58.000126 1808 58.74 6236 22.76
150 2022 12 15 42085.40 58.420623 1808 58.74 6235 22.75
151 2022 12 15 42085.40 58.841149 1808 58.74 6235 22.75
152 2022 12 15 42086.40 59.261682 1808 58.74 6236 22.76
153 2022 12 15 42086.40 59.682155 1808 58.74 6236 22.76
154 2022 12 15 42086.00 59.702649 1808 58.74 6236 22.76
155 2022 12 15 42087.00 60.123150 1808 58.74 6234 22.74
156 2022 12 15 42087.40 60.523150 1808 58.74 6235 22.75
157 2022 12 15 42087.40 60.943553 1808 58.74 6235 22.75
158 2022 12 15 42088.40 61.363717 1808 58.74 6235 22.75
159 2022 12 15 42088.40 61.783913 1808 58.74 6235 22.75
160 2022 12 15 42089.40 62.204133 1808 58.74 6235 22.75
161 2022 12 15 42089.40 62.624351 1808 58.74 6235 22.75
162 2022 12 15 42089.40 63.044581 1809 58.77 6235 22.75
163 2022 12 15 42090.40 63.464798 1809 58.77 6234 22.74
164 2022 12 15 42090.00 63.485055 1809 58.77 6234 22.74
165 2022 12 15 42091.00 63.905261 1809 58.77 6234 22.74
166 2022 12 15 42091.00 64.325539 1809 58.77 6234 22.74
167 2022 12 15 42091.40 64.725539 1809 58.77 6233 22.73
168 2022 12 15 42091.40 65.145785 1809 58.77 6235 22.75
169 2022 12 15 42092.40 65.566019 1809 58.77 6234 22.74
170 2022 12 15 42092.40 65.986251 1809 58.77 6235 22.75
171 2022 12 15 42093.40 66.406470 1809 58.77 6234 22.74
172 2022 12 15 42093.40 66.826725 1809 58.77 6234 22.74
173 2022 12 15 42094.40 67.247004 1809 58.77 6234 22.74
174 2022 12 15 42094.40 67.667545 1809 58.77 6234 22.74
175 2022 12 15 42094.00 67.687994 1809 58.77 6234 22.74
176 2022 12 15 42095.00 68.108177 1809 58.77 6235 22.75
177 2022 12 15 42095.00 68.528567 1809 58.77 6234 22.74
178 2022 12 15 42095.40 68.928567 1809 58.77 6234 22.74
179 2022 12 15 42096.40 69.349136 1809 58.77 6234 22.74
180 2022 12 15 42096.40 69.769378 1809 58.77 6235 22.75
181 2022 12 15 42097.40 70.189833 1809 58.77 6235 22.75
182 2022 12 15 42097.40 70.610297 1809 58.77 6234 22.74
183 2022 12 15 42097.40 71.030809 1809 58.77 6234 22.74
184 2022 12 15 42098.40 71.451432 1808 58.74 6235 22.75
185 2022 12 15 42098.40 71.871842 1809 58.77 6235 22.75
186 2022 12 15 42099.00 71.892189 1808 58.74 6236 22.76
187 2022 12 15 42099.00 72.312424 1809 58.78 6234 22.74
188 2022 12 15 42099.00 72.733033 1808 58.74 6234 22.74
189 2022 12 15 42099.40 73.133033 1808 58.74 6234 22.74
190 2022 12 15 42100.40 73.553539 1808 58.74 6233 22.73
191 2022 12 15 42100.40 73.974082 1808 58.74 6234 22.74
192 2022 12 15 42101.40 74.394345 1808 58.74 6235 22.75
193 2022 12 15 42101.40 74.814599 1809 58.77 6235 22.75
194 2022 12 15 42102.40 75.235021 1808 58.74 6233 22.73
195 2022 12 15 42102.40 75.655584 1809 58.77 6234 22.74
196 2022 12 15 42102.40 76.076024 1808 58.74 6234 22.74
197 2022 12 15 42103.40 76.496241 1808 58.74 6234 22.74
198 2022 12 15 42103.00 76.516457 1809 58.77 6234 22.74
199 2022 12 15 42104.00 76.936863 1808 58.74 6234 22.74
200 2022 12 15 42104.40 77.336863 1808 58.74 6234 22.74
201 2022 12 15 42104.40 77.757561 1809 58.77 6234 22.74
202 2022 12 15 42104.40 78.177985 1808 58.74 6234 22.74
203 2022 12 15 42105.40 78.598539 1808 58.74 6234 22.74
204 2022 12 15 42105.40 79.018998 1808 58.74 6234 22.74
205 2022 12 15 42106.40 79.439362 1808 58.74 6234 22.74
206 2022 12 15 42106.40 79.859871 1808 58.74 6234 22.74
207 2022 12 15 42107.40 80.280340 1808 58.74 6234 22.74
208 2022 12 15 42107.00 80.300834 1808 58.74 6234 22.74
209 2022 12 15 42107.00 80.721308 1808 58.74 6235 22.75
210 2022 12 15 42108.00 81.141625 1808 58.74 6235 22.75
211 2022 12 15 42108.40 81.541625 1808 58.74 6234 22.74
212 2022 12 15 42108.40 81.961897 1808 58.74 6234 22.74
213 2022 12 15 42109.40 82.382126 1808 58.74 6235 22.75
214 2022 12 15 42109.40 82.802614 1808 58.74 6234 22.74
215 2022 12 15 42110.40 83.223288 1808 58.74 6234 22.74
216 2022 12 15 42110.40 83.643974 1808 58.74 6236 22.76
217 2022 12 15 42110.40 84.064539 1808 58.74 6235 22.75
218 2022 12 15 42111.40 84.485189 1808 58.74 6236 22.76
219 2022 12 15 42111.00 84.505581 1808 58.74 6235 22.75
220 2022 12 15 42112.00 84.926047 1808 58.74 6235 22.75
221 2022 12 15 42112.00 85.346575 1808 58.74 6235 22.75
222 2022 12 15 42112.40 85.746575 1808 58.74 6235 22.75
223 2022 12 15 42112.40 86.167469 1808 58.74 6235 22.75
224 2022 12 15 42113.40 86.587985 1808 58.74 6235 22.75
225 2022 12 15 42113.40 87.008368 1808 58.74 6234 22.74
226 2022 12 15 42114.40 87.429006 1808 58.74 6234 22.74
227 2022 12 15 42114.40 87.849479 1808 58.74 6235 22.75
228 2022 12 15 42115.40 88.269927 1808 58.74 6234 22.74
229 2022 12 15 42115.40 88.690511 1808 58.74 6235 22.75
230 2022 12 15 42115.00 88.711215 1808 58.74 6234 22.74
231 2022 12 15 42116.00 89.131942 1808 58.74 6235 22.75
232 2022 12 15 42116.00 89.552546 1807 58.71 6234 22.74
233 2022 12 15 42116.40 89.952546 1808 58.74 6234 22.74
234 2022 12 15 42117.40 90.373335 1807 58.71 6235 22.75
235 2022 12 15 42117.40 90.793885 1808 58.74 6234 22.74
236 2022 12 15 42118.40 91.214259 1808 58.74 6235 22.75
237 2022 12 15 42118.40 91.634867 1808 58.74 6234 22.74
238 2022 12 15 42118.40 92.055564 1807 58.71 6236 22.76
239 2022 12 15 42119.40 92.475918 1808 58.74 6235 22.75
240 2022 12 15 42119.40 92.896558 1808 58.74 6235 22.75
241 2022 12 15 42120.00 92.916971 1808 58.74 6235 22.75
242 2022 12 15 42120.00 93.337302 1808 58.74 6235 22.75
243 2022 12 15 42120.00 93.757624 1808 58.74 6236 22.76
244 2022 12 15 42120.40 94.157624 1808 58.74 6235 22.75
245 2022 12 15 42121.40 94.578072 1808 58.74 6236 22.76
246 2022 12 15 42121.40 94.998455 1808 58.74 6236 22.76
247 2022 12 15 42122.40 95.418880 1808 58.74 6235 22.75
248 2022 12 15 42122.40 95.839279 1808 58.74 6235 22.75
249 2022 12 15 42123.40 96.259637 1808 58.74 6235 22.75
250 2022 12 15 42123.40 96.680030 1808 58.74 6236 22.76
251 2022 12 15 42123.40 97.100212 1808 58.74 6235 22.75
252 2022 12 15 42124.00 97.120445 1808 58.74 6235 22.75
253 2022 12 15 42124.00 97.540673 1808 58.74 6235 22.75
254 2022 12 15 42125.00 97.960902 1808 58.74 6235 22.75
255 2022 12 15 42125.40 98.360902 1808 58.74 6234 22.74
256 2022 12 15 42125.40 98.781523 1807 58.71 6235 22.75
257 2022 12 15 42126.40 99.201997 1808 58.74 6235 22.75
258 2022 12 15 42126.40 99.622199 1808 58.74 6234 22.74
259 2022 12 15 42126.40 100.042790 1808 58.74 6234 22.74
260 2022 12 15 42127.40 100.463237 1808 58.74 6235 22.75
261 2022 12 15 42127.40 100.883409 1808 58.74 6235 22.75
262 2022 12 15 42128.40 101.303999 1808 58.74 6234 22.74
263 2022 12 15 42128.00 101.324578 1808 58.74 6235 22.75
264 2022 12 15 42128.00 101.744916 1808 58.74 6235 22.75
265 2022 12 15 42129.00 102.165212 1808 58.74 6235 22.75
266 2022 12 15 42129.40 102.565212 1808 58.74 6236 22.76
267 2022 12 15 42129.40 102.985492 1808 58.74 6236 22.76
268 2022 12 15 42130.40 103.405763 1808 58.74 6235 22.75
269 2022 12 15 42130.40 103.826259 1808 58.74 6236 22.76
270 2022 12 15 42131.40 104.246445 1808 58.74 6235 22.75
271 2022 12 15 42131.40 104.667073 1808 58.74 6235 22.75
272 2022 12 15 42131.40 105.087508 1808 58.74 6235 22.75
273 2022 12 15 42132.40 105.507998 1808 58.74 6234 22.74
274 2022 12 15 42132.00 105.528545 1808 58.74 6236 22.76
275 2022 12 15 42133.00 105.949164 1808 58.74 6236 22.76
276 2022 12 15 42133.00 106.369407 1808 58.74 6236 22.76
277 2022 12 15 42133.40 106.769407 1808 58.74 6234 22.74
278 2022 12 15 42134.40 107.189869 1808 58.74 6236 22.76
279 2022 12 15 42134.40 107.610380 1808 58.74 6234 22.74
280 2022 12 15 42134.40 108.030787 1808 58.74 6234 22.74
281 2022 12 15 42135.40 108.451293 1808 58.74 6234 22.74
282 2022 12 15 42135.40 108.871606 1808 58.74 6234 22.74
283 2022 12 15 42136.40 109.292163 1808 58.74 6233 22.73
284 2022 12 15 42136.40 109.712631 1808 58.74 6235 22.75
285 2022 12 15 42136.00 109.733193 1809 58.77 6234 22.74
286 2022 12 15 42137.00 110.153617 1808 58.74 6234 22.74
287 2022 12 15 42137.00 110.574102 1808 58.74 6234 22.74
288 2022 12 15 42137.40 110.974102 1808 58.74 6234 22.74
289 2022 12 15 42138.40 111.394488 1808 58.74 6234 22.74
290 2022 12 15 42138.40 111.815106 1809 58.77 6234 22.74
291 2022 12 15 42139.40 112.235677 1808 58.74 6235 22.75
292 2022 12 15 42139.40 112.656233 1808 58.74 6236 22.76
293 2022 12 15 42139.40 113.076805 1808 58.74 6234 22.74
294 2022 12 15 42140.40 113.497458 1808 58.74 6235 22.75
295 2022 12 15 42140.40 113.917854 1808 58.74 6236 22.76
296 2022 12 15 42141.00 113.938185 1808 58.74 6235 22.75
297 2022 12 15 42141.00 114.358830 1808 58.74 6234 22.74
298 2022 12 15 42141.00 114.779199 1808 58.74 6235 22.75
299 2022 12 15 42141.40 115.179199 1808 58.74 6235 22.75
300 2022 12 15 42142.40 115.599677 1808 58.74 6235 22.75
301 2022 12 15 42142.40 116.020323 1808 58.74 6236 22.76
302 2022 12 15 42143.40 116.440654 1808 58.74 6236 22.76
303 2022 12 15 42143.40 116.861397 1808 58.74 6235 22.75
304 2022 12 15 42144.40 117.282039 1808 58.74 6236 22.76
305 2022 12 15 42144.40 117.702780 1808 58.74 6235 22.75
306 2022 12 15 42144.40 118.123575 1808 58.74 6235 22.75
307 2022 12 15 42145.00 118.144164 1808 58.74 6236 22.76
308 2022 12 15 42145.00 118.564801 1808 58.74 6234 22.74
309 2022 12 15 42146.00 118.985365 1808 58.74 6236 22.76
310 2022 12 15 42146.40 119.385365 1808 58.74 6235 22.75
311 2022 12 15 42146.40 119.806014 1808 58.74 6236 22.76
312 2022 12 15 42147.40 120.226652 1808 58.74 6236 22.76
313 2022 12 15 42147.40 120.647359 1808 58.74 6236 22.76
314 2022 12 15 42147.40 121.067988 1808 58.74 6236 22.76
315 2022 12 15 42148.40 121.488483 1807 58.71 6235 22.75
316 2022 12 15 42148.40 121.908992 1808 58.74 6236 22.76
317 2022 12 15 42149.40 122.329714 1808 58.74 6235 22.75
318 2022 12 15 42149.00 122.350274 1808 58.74 6236 22.76
319 2022 12 15 42149.00 122.770894 1808 58.74 6235 22.75
320 2022 12 15 42150.00 123.191540 1808 58.74 6236 22.76
321 2022 12 15 42150.40 123.591540 1808 58.74 6234 22.74
322 2022 12 15 42150.40 124.012213 1808 58.74 6236 22.76
323 2022 12 15 42151.40 124.432812 1808 58.74 6235 22.75
324 2022 12 15 42151.40 124.853186 1808 58.74 6235 22.75
325 2022 12 15 42152.40 125.273634 1807 58.71 6236 22.76
326 2022 12 15 42152.40 125.694227 1807 58.71 6235 22.75
327 2022 12 15 42152.40 126.114508 1808 58.74 6236 22.76
328 2022 12 15 42153.40 126.534813 1808 58.74 6236 22.76
329 2022 12 15 42153.00 126.555239 1807 58.71 6236 22.76
330 2022 12 15 42154.00 126.975585 1807 58.71 6235 22.75
331 2022 12 15 42154.00 127.396231 1808 58.74 6236 22.76
332 2022 12 15 42154.40 127.796231 1808 58.74 6235 22.75
333 2022 12 15 42155.40 128.216892 1807 58.71 6236 22.76
334 2022 12 15 42155.40 128.637412 1807 58.71 6235 22.75
335 2022 12 15 42155.40 129.057984 1808 58.74 6235 22.75
336 2022 12 15 42156.40 129.478402 1807 58.71 6236 22.76
337 2022 12 15 42156.40 129.899016 1807 58.71 6236 22.76
338 2022 12 15 42157.40 130.319547 1807 58.71 6235 22.75
339 2022 12 15 42157.40 130.740158 1807 58.71 6235 22.75
340 2022 12 15 42157.00 130.760718 1807 58.71 6235 22.75
341 2022 12 15 42158.00 131.181201 1807 58.71 6236 22.76
342 2022 12 15 42158.00 131.601753 1808 58.74 6235 22.75
343 2022 12 15 42158.40 132.001753 1807 58.71 6236 22.76
344 2022 12 15 42159.40 132.422513 1808 58.74 6235 22.75
345 2022 12 15 42159.40 132.843124 1807 58.71 6236 22.76
346 2022 12 15 42160.40 133.263716 1807 58.71 6236 22.76
347 2022 12 15 42160.40 133.684386 1807 58.71 6236 22.76
348 2022 12 15 42160.40 134.104988 1808 58.74 6236 22.76
349 2022 12 15 42161.40 134.525332 1807 58.71 6236 22.76
350 2022 12 15 42161.40 134.945940 1807 58.71 6235 22.75
351 2022 12 15 42162.00 134.966469 1807 58.71 6235 22.75
352 2022 12 15 42162.00 135.386778 1807 58.71 6236 22.76
353 2022 12 15 42163.00 135.807094 1807 58.71 6236 22.76
354 2022 12 15 42163.40 136.207094 1807 58.71 6235 22.75
355 2022 12 15 42163.40 136.627525 1807 58.71 6235 22.75
356 2022 12 15 42163.40 137.047757 1807 58.71 6236 22.76
357 2022 12 15 42164.40 137.468037 1807 58.71 6236 22.76
358 2022 12 15 42164.40 137.888344 1806 58.68 6237 22.77
359 2022 12 15 42165.40 138.308661 1807 58.72 6236 22.76
360 2022 12 15 42165.40 138.729018 1807 58.71 6236 22.76
361 2022 12 15 42165.40 139.149378 1806 58.68 6236 22.76
362 2022 12 15 42166.00 139.169764 1806 58.68 6237 22.77
363 2022 12 15 42166.00 139.590143 1807 58.72 6236 22.76
364 2022 12 15 42167.00 140.010498 1807 58.71 6236 22.76
365 2022 12 15 42167.40 140.410498 1807 58.71 6234 22.74
366 2022 12 15 42167.40 140.830985 1807 58.71 6236 22.76
367 2022 12 15 42168.40 141.251771 1806 58.68 6235 22.75
368 2022 12 15 42168.40 141.672545 1807 58.71 6236 22.76
369 2022 12 15 42168.40 142.092920 1807 58.71 6235 22.75
370 2022 12 15 42169.40 142.513316 1807 58.71 6237 22.77
371 2022 12 15 42169.40 142.933982 1807 58.72 6236 22.76
372 2022 12 15 42170.40 143.354311 1807 58.71 6236 22.76
373 2022 12 15 42170.00 143.374884 1807 58.71 6237 22.77
374 2022 12 15 42171.00 143.795567 1806 58.68 6238 22.78
375 2022 12 15 42171.00 144.216073 1807 58.72 6236 22.76
376 2022 12 15 42171.40 144.616073 1807 58.71 6235 22.75
377 2022 12 15 42171.40 145.036458 1807 58.71 6236 22.76
378 2022 12 15 42172.40 145.457076 1806 58.68 6237 22.77
379 2022 12 15 42172.40 145.877651 1807 58.72 6237 22.77
380 2022 12 15 42173.40 146.298205 1806 58.68 6237 22.77
381 2022 12 15 42173.40 146.718694 1806 58.68 6238 22.78
382 2022 12 15 42173.40 147.139033 1806 58.69 6237 22.77
383 2022 12 15 42174.40 147.559545 1807 58.72 6238 22.78
384 2022 12 15 42174.00 147.579900 1806 58.69 6238 22.78
385 2022 12 15 42175.00 148.000462 1806 58.69 6237 22.77
386 2022 12 15 42175.00 148.421118 1807 58.72 6238 22.78
387 2022 12 15 42175.40 148.821118 1806 58.69 6238 22.78
388 2022 12 15 42176.40 149.241765 1806 58.69 6237 22.77
389 2022 12 15 42176.40 149.662331 1806 58.68 6238 22.78
390 2022 12 15 42176.40 150.082778 1806 58.69 6237 22.77
391 2022 12 15 42177.40 150.503360 1806 58.68 6237 22.77
392 2022 12 15 42177.40 150.923897 1806 58.68 6236 22.76
393 2022 12 15 42178.40 151.344401 1806 58.68 6237 22.77
394 2022 12 15 42178.40 151.764945 1806 58.68 6238 22.78
395 2022 12 15 42178.00 151.785530 1806 58.69 6238 22.78
396 2022 12 15 42179.00 152.205755 1806 58.69 6237 22.77
397 2022 12 15 42179.00 152.626295 1806 58.68 6237 22.77
398 2022 12 15 42179.40 153.026295 1806 58.68 6237 22.77
399 2022 12 15 42180.40 153.446562 1806 58.68 6237 22.77
400 2022 12 15 42180.40 153.866780 1806 58.68 6238 22.78
401 2022 12 15 42181.40 154.287001 1806 58.69 6238 22.78
402 2022 12 15 42181.40 154.707171 1806 58.69 6237 22.77
403 2022 12 15 42181.40 155.127404 1806 58.68 6238 22.78
404 2022 12 15 42182.40 155.547629 1806 58.69 6237 22.77
405 2022 12 15 42182.40 155.967852 1806 58.68 6237 22.77
406 2022 12 15 42183.00 155.988148 1806 58.68 6238 22.78
407 2022 12 15 42183.00 156.408373 1806 58.69 6237 22.77
408 2022 12 15 42184.00 156.828600 1806 58.68 6238 22.78
409 2022 12 15 42184.40 157.228600 1806 58.69 6238 22.78
410 2022 12 15 42184.40 157.648869 1806 58.69 6236 22.76
411 2022 12 15 42184.40 158.069114 1806 58.68 6238 22.78
412 2022 12 15 42185.40 158.489348 1806 58.69 6237 22.77
413 2022 12 15 42185.40 158.909798 1806 58.68 6236 22.76
414 2022 12 15 42186.40 159.330365 1806 58.68 6237 22.77
415 2022 12 15 42186.40 159.750975 1806 58.68 6237 22.77
416 2022 12 15 42186.40 160.171437 1806 58.68 6236 22.76
417 2022 12 15 42187.00 160.191944 1806 58.68 6237 22.77
418 2022 12 15 42187.00 160.612143 1806 58.68 6236 22.76
419 2022 12 15 42188.00 161.032453 1806 58.68 6237 22.77
420 2022 12 15 42188.40 161.432453 1806 58.68 6236 22.76
421 2022 12 15 42188.40 161.852806 1806 58.68 6237 22.77
422 2022 12 15 42189.40 162.273065 1806 58.68 6238 22.78
423 2022 12 15 42189.40 162.693537 1806 58.69 6238 22.78
424 2022 12 15 42189.40 163.113728 1806 58.69 6237 22.77
425 2022 12 15 42190.40 163.534191 1806 58.68 6237 22.77
426 2022 12 15 42190.40 163.954686 1806 58.68 6237 22.77
427 2022 12 15 42191.40 164.375247 1806 58.68 6237 22.77
428 2022 12 15 42191.00 164.395870 1806 58.68 6237 22.77
429 2022 12 15 42192.00 164.816279 1807 58.72 6237 22.77
430 2022 12 15 42192.00 165.236825 1806 58.68 6236 22.76
431 2022 12 15 42192.40 165.636825 1807 58.71 6238 22.78
432 2022 12 15 42192.40 166.057472 1806 58.69 6237 22.77
433 2022 12 15 42193.40 166.477906 1806 58.68 6237 22.77
434 2022 12 15 42193.40 166.898361 1807 58.72 6237 22.77
435 2022 12 15 42194.40 167.318821 1806 58.68 6238 22.78
436 2022 12 15 42194.40 167.739457 1806 58.69 6237 22.77
437 2022 12 15 42194.40 168.160089 1806 58.68 6236 22.76
438 2022 12 15 42195.40 168.580685 1807 58.71 6236 22.76
439 2022 12 15 42195.00 168.601495 1806 58.68 6236 22.76
440 2022 12 15 42196.00 169.021832 1806 58.68 6236 22.76
441 2022 12 15 42196.00 169.442407 1806 58.68 6236 22.76
442 2022 12 15 42196.40 169.842407 1807 58.71 6236 22.76
443 2022 12 15 42197.40 170.263063 1807 58.71 6236 22.76
444 2022 12 15 42197.40 170.683347 1807 58.71 6236 22.76
445 2022 12 15 42197.40 171.103789 1807 58.71 6236 22.76
446 2022 12 15 42198.40 171.524493 1807 58.71 6236 22.76
447 2022 12 15 42198.40 171.945145 1807 58.71 6237 22.77
448 2022 12 15 42199.40 172.365643 1807 58.72 6238 22.78
449 2022 12 15 42199.40 172.786016 1806 58.69 6236 22.76
450 2022 12 15 42200.00 172.806658 1808 58.74 6236 22.76
451 2022 12 15 42200.00 173.227023 1807 58.71 6236 22.76
452 2022 12 15 42200.00 173.647637 1807 58.71 6236 22.76
453 2022 12 15 42200.40 174.047637 1808 58.74 6234 22.74
454 2022 12 15 42201.40 174.468240 1807 58.71 6236 22.76
455 2022 12 15 42201.40 174.888528 1808 58.74 6234 22.74
456 2022 12 15 42202.40 175.308999 1807 58.71 6236 22.76
457 2022 12 15 42202.40 175.729539 1807 58.71 6235 22.75
458 2022 12 15 42202.40 176.150229 1808 58.74 6236 22.76
459 2022 12 15 42203.40 176.570590 1808 58.74 6236 22.76
460 2022 12 15 42203.40 176.991206 1808 58.74 6235 22.75
461 2022 12 15 42204.00 177.011739 1808 58.74 6236 22.76
462 2022 12 15 42204.00 177.432072 1807 58.71 6235 22.75
463 2022 12 15 42205.00 177.852592 1808 58.74 6236 22.76
464 2022 12 15 42205.40 178.252592 1808 58.74 6236 22.76
465 2022 12 15 42205.40 178.673009 1808 58.74 6235 22.75
466 2022 12 15 42205.40 179.093704 1808 58.74 6236 22.76
467 2022 12 15 42206.40 179.514257 1808 58.74 6235 22.75
468 2022 12 15 42206.40 179.934835 1808 58.74 6236 22.76
469 2022 12 15 42207.40 180.355246 1808 58.74 6234 22.74
470 2022 12 15 42207.40 180.775994 1808 58.74 6235 22.75
471 2022 12 15 42208.40 181.196425 1808 58.74 6235 22.75
472 2022 12 15 42208.00 181.216779 1809 58.77 6234 22.74
473 2022 12 15 42208.00 181.637178 1808 58.74 6235 22.75
474 2022 12 15 42209.00 182.057749 1809 58.77 6235 22.75
475 2022 12 15 42209.40 182.457749 1808 58.74 6234 22.74
476 2022 12 15 42209.40 182.878183 1808 58.74 6235 22.75
477 2022 12 15 42210.40 183.298540 1808 58.74 6234 22.74
478 2022 12 15 42210.40 183.718996 1808 58.74 6236 22.76
479 2022 12 15 42210.40 184.139550 1808 58.74 6235 22.75
480 2022 12 15 42211.40 184.560090 1808 58.74 6234 22.74
481 2022 12 15 42211.40 184.980729 1809 58.77 6234 22.74
482 2022 12 15 42212.40 185.401310 1809 58.77 6235 22.75
483 2022 12 15 42212.00 185.421827 1809 58.77 6234 22.74
484 2022 12 15 42213.00 185.842366 1808 58.74 6234 22.74
485 2022 12 15 42213.00 186.262903 1809 58.77 6234 22.74
486 2022 12 15 42213.40 186.662903 1808 58.74 6234 22.74
487 2022 12 15 42213.40 187.083251 1809 58.77 6234 22.74
488 2022 12 15 42214.40 187.503789 1809 58.77 6234 22.74
489 2022 12 15 42214.40 187.924397 1809 58.77 6234 22.74
490 2022 12 15 42215.40 188.344660 1809 58.77 6234 22.74
491 2022 12 15 42215.40 188.764965 1809 58.77 6234 22.74
492 2022 12 15 42215.40 189.185538 1809 58.77 6233 22.73
493 2022 12 15 42216.40 189.606100 1809 58.77 6234 22.74
494 2022 12 15 42216.00 189.626566 1809 58.77 6234 22.74
495 2022 12 15 42217.00 190.047026 1809 58.77 6234 22.74
496 2022 12 15 42217.40 190.447026 1809 58.77 6233 22.73
497 2022 12 15 42217.40 190.867694 1810 58.80 6234 22.74
498 2022 12 15 42218.40 191.288200 1809 58.77 6234 22.74
499 2022 12 15 42218.40 191.708638 1810 58.80 6234 22.74
500 2022 12 15 42218.40 192.129195 1810 58.80 6234 22.74
501 2022 12 15 42219.40 192.549757 1810 58.80 6233 22.73
502 2022 12 15 42219.40 192.970097 1810 58.80 6234 22.74
503 2022 12 15 42220.40 193.390631 1810 58.80 6234 22.74
504 2022 12 15 42220.40 193.811055 1810 58.80 6234 22.74
505 2022 12 15 42221.00 193.831696 1810 58.80 6234 22.74
506 2022 12 15 42221.00 194.252106 1810 58.80 6234 22.74
507 2022 12 15 42221.40 194.652106 1810 58.80 6232 22.72
508 2022 12 15 42221.40 195.072816 1811 58.83 6233 22.73
509 2022 12 15 42222.40 195.493476 1811 58.83 6232 22.72
510 2022 12 15 42222.40 195.914027 1811 58.83 6233 22.73
511 2022 12 15 42223.40 196.334557 1811 58.83 6233 22.73
512 2022 12 15 42223.40 196.755168 1811 58.83 6234 22.74
513 2022 12 15 42223.40 197.175845 1811 58.83 6233 22.73
514 2022 12 15 42224.40 197.596297 1811 58.83 6232 22.72
515 2022 12 15 42224.00 197.616821 1811 58.83 6233 22.73
516 2022 12 15 42225.00 198.037495 1811 58.83 6232 22.72
517 2022 12 15 42225.00 198.457994 1811 58.83 6232 22.72
518 2022 12 15 42226.00 198.878255 1811 58.83 6232 22.72
519 2022 12 15 42226.40 199.278255 1811 58.83 6233 22.73
520 2022 12 15 42226.40 199.698804 1812 58.86 6232 22.72
521 2022 12 15 42226.40 200.119427 1811 58.83 6232 22.72
522 2022 12 15 42227.40 200.539679 1811 58.83 6233 22.73
523 2022 12 15 42227.40 200.960258 1811 58.83 6232 22.72
524 2022 12 15 42228.40 201.380887 1811 58.83 6232 22.72
525 2022 12 15 42228.40 201.801609 1812 58.86 6232 22.72
526 2022 12 15 42229.40 202.222143 1811 58.83 6232 22.72
527 2022 12 15 42229.00 202.242424 1811 58.83 6233 22.73
528 2022 12 15 42229.00 202.662696 1811 58.83 6232 22.72
529 2022 12 15 42230.00 203.083012 1811 58.83 6233 22.73
530 2022 12 15 42230.40 203.483012 1811 58.83 6231 22.71
531 2022 12 15 42230.40 203.903657 1811 58.83 6233 22.73
532 2022 12 15 42231.40 204.324081 1811 58.83 6233 22.73
533 2022 12 15 42231.40 204.744667 1811 58.83 6233 22.73
534 2022 12 15 42231.40 205.164986 1811 58.83 6232 22.72
535 2022 12 15 42232.40 205.585592 1811 58.83 6234 22.74
536 2022 12 15 42232.40 206.006161 1811 58.83 6234 22.74
537 2022 12 15 42233.40 206.426857 1811 58.83 6233 22.73
538 2022 12 15 42233.00 206.447460 1811 58.83 6233 22.73
539 2022 12 15 42234.00 206.867717 1811 58.83 6233 22.73
540 2022 12 15 42234.40 207.267717 1810 58.80 6232 22.72
541 2022 12 15 42234.40 207.688398 1811 58.83 6234 22.74
542 2022 12 15 42234.40 208.108816 1811 58.83 6232 22.72
543 2022 12 15 42235.40 208.529435 1811 58.83 6232 22.72
544 2022 12 15 42235.40 208.950068 1811 58.83 6233 22.73
545 2022 12 15 42236.40 209.370629 1811 58.83 6233 22.73
546 2022 12 15 42236.40 209.791161 1811 58.83 6234 22.74
547 2022 12 15 42237.40 210.211589 1811 58.83 6233 22.73
548 2022 12 15 42237.40 210.632261 1811 58.83 6233 22.73
549 2022 12 15 42237.00 210.652536 1811 58.83 6233 22.73
550 2022 12 15 42238.00 211.073143 1811 58.83 6234 22.74
551 2022 12 15 42238.40 211.473143 1811 58.83 6233 22.73
552 2022 12 15 42238.40 211.893523 1811 58.83 6234 22.74
553 2022 12 15 42239.40 212.313717 1811 58.83 6233 22.73
554 2022 12 15 42239.40 212.733899 1811 58.83 6233 22.73
555 2022 12 15 42239.40 213.154105 1811 58.83 6234 22.74
556 2022 12 15 42240.40 213.574322 1811 58.83 6233 22.73
557 2022 12 15 42240.40 213.994549 1811 58.83 6234 22.74
558 2022 12 15 42241.40 214.414778 1811 58.83 6233 22.73
559 2022 12 15 42241.00 214.435009 1811 58.83 6233 22.73
560 2022 12 15 42242.00 214.855239 1811 58.83 6233 22.73
561 2022 12 15 42242.00 215.275495 1811 58.83 6233 22.73
562 2022 12 15 42242.40 215.675495 1812 58.86 6233 22.73
563 2022 12 15 42242.40 216.095754 1811 58.83 6234 22.74
564 2022 12 15 42243.40 216.516116 1812 58.86 6233 22.73
565 2022 12 15 42243.40 216.936293 1811 58.83 6234 22.74
566 2022 12 15 42244.40 217.356527 1811 58.83 6233 22.73
567 2022 12 15 42244.40 217.777083 1811 58.83 6233 22.73
568 2022 12 15 42245.40 218.197290 1811 58.83 6233 22.73
569 2022 12 15 42245.40 218.617932 1811 58.83 6233 22.73
570 2022 12 15 42245.40 219.038399 1811 58.83 6233 22.73
571 2022 12 15 42246.00 219.058993 1811 58.83 6234 22.74
572 2022 12 15 42246.00 219.479620 1811 58.83 6233 22.73
573 2022 12 15 42247.00 219.899868 1811 58.83 6232 22.72
574 2022 12 15 42247.40 220.299868 1811 58.83 6233 22.73
575 2022 12 15 42247.40 220.720455 1810 58.80 6232 22.72
576 2022 12 15 42247.40 221.140673 1811 58.83 6234 22.74
577 2022 12 15 42248.40 221.561232 1811 58.83 6233 22.73
578 2022 12 15 42248.40 221.981700 1811 58.83 6234 22.74
579 2022 12 15 42249.40 222.402058 1810 58.80 6233 22.73
580 2022 12 15 42249.40 222.822255 1810 58.80 6233 22.73
581 2022 12 15 42250.40 223.242493 1810 58.80 6234 22.74
582 2022 12 15 42250.00 223.263053 1810 58.80 6234 22.74
583 2022 12 15 42250.00 223.683474 1810 58.80 6234 22.74
584 2022 12 15 42250.40 224.083474 1810 58.80 6233 22.73
585 2022 12 15 42251.40 224.504129 1810 58.80 6233 22.73
586 2022 12 15 42251.40 224.924302 1810 58.80 6233 22.73
587 2022 12 15 42252.40 225.344745 1810 58.80 6234 22.74
588 2022 12 15 42252.40 225.765329 1810 58.80 6233 22.73
589 2022 12 15 42252.40 226.185865 1810 58.80 6233 22.73
590 2022 12 15 42253.40 226.606069 1811 58.83 6233 22.73
591 2022 12 15 42253.40 227.026260 1810 58.80 6233 22.73
592 2022 12 15 42254.40 227.446565 1810 58.80 6232 22.72
593 2022 12 15 42254.00 227.466797 1811 58.83 6233 22.73
594 2022 12 15 42255.00 227.887301 1811 58.83 6233 22.73
595 2022 12 15 42255.40 228.287301 1811 58.83 6232 22.72
596 2022 12 15 42255.40 228.707897 1810 58.80 6234 22.74
597 2022 12 15 42255.40 229.128537 1810 58.80 6234 22.74
598 2022 12 15 42256.40 229.548767 1810 58.80 6233 22.73
599 2022 12 15 42256.40 229.969292 1810 58.80 6234 22.74
600 2022 12 15 42257.40 230.389894 1810 58.80 6234 22.74
601 2022 12 15 42257.40 230.810542 1810 58.80 6233 22.73
602 2022 12 15 42258.40 231.230789 1810 58.80 6233 22.73
603 2022 12 15 42258.00 231.251337 1810 58.80 6232 22.72
604 2022 12 15 42258.00 231.671974 1811 58.83 6233 22.73
605 2022 12 15 42259.00 232.092366 1810 58.80 6234 22.74
606 2022 12 15 42259.40 232.492366 1810 58.80 6234 22.74
607 2022 12 15 42259.40 232.912658 1811 58.83 6234 22.74
608 2022 12 15 42260.40 233.332895 1811 58.83 6234 22.74
609 2022 12 15 42260.40 233.753424 1811 58.83 6233 22.73
610 2022 12 15 42260.40 234.173893 1810 58.80 6234 22.74
611 2022 12 15 42261.40 234.594331 1810 58.80 6234 22.74
612 2022 12 15 42261.40 235.014656 1810 58.80 6234 22.74
613 2022 12 15 42262.40 235.434880 1810 58.80 6234 22.74
614 2022 12 15 42262.00 235.455417 1810 58.80 6234 22.74
615 2022 12 15 42263.00 235.875798 1810 58.80 6233 22.73
616 2022 12 15 42263.00 236.296062 1810 58.80 6234 22.74
617 2022 12 15 42263.00 236.716499 1810 58.80 6234 22.74
618 2022 12 15 42263.40 237.116499 1810 58.80 6234 22.74
619 2022 12 15 42264.40 237.537053 1810 58.80 6235 22.75
620 2022 12 15 42264.40 237.957594 1810 58.80 6234 22.74
621 2022 12 15 42265.40 238.377791 1810 58.80 6234 22.74
622 2022 12 15 42265.40 238.797975 1810 58.80 6234 22.74
623 2022 12 15 42266.40 239.218220 1810 58.80 6234 22.74
624 2022 12 15 42266.40 239.638846 1810 58.80 6234 22.74
625 2022 12 15 42266.40 240.059191 1810 58.80 6233 22.73
626 2022 12 15 42267.00 240.079368 1811 58.83 6234 22.74
627 2022 12 15 42267.00 240.499936 1810 58.80 6233 22.73
628 2022 12 15 42267.40 240.899936 1810 58.80 6234 22.74
629 2022 12 15 42268.40 241.320490 1810 58.80 6234 22.74
630 2022 12 15 42268.40 241.740965 1810 58.80 6234 22.74
631 2022 12 15 42268.40 242.161412 1810 58.80 6233 22.73
632 2022 12 15 42269.40 242.581925 1810 58.80 6234 22.74
633 2022 12 15 42269.40 243.002159 1810 58.80 6234 22.74
634 2022 12 15 42270.40 243.422583 1810 58.80 6234 22.74
635 2022 12 15 42270.40 243.843023 1810 58.80 6234 22.74
636 2022 12 15 42271.00 243.863570 1810 58.80 6234 22.74
637 2022 12 15 42271.00 244.283939 1810 58.80 6234 22.74
638 2022 12 15 42271.00 244.704474 1810 58.80 6234 22.74
639 2022 12 15 42271.40 245.104474 1810 58.80 6233 22.73
640 2022 12 15 42272.40 245.525098 1810 58.80 6233 22.73
641 2022 12 15 42272.40 245.945624 1810 58.80 6234 22.74
642 2022 12 15 42273.40 246.366114 1810 58.80 6233 22.73
643 2022 12 15 42273.40 246.786617 1810 58.80 6234 22.74
644 2022 12 15 42274.40 247.206833 1809 58.77 6233 22.73
645 2022 12 15 42274.40 247.627193 1810 58.80 6234 22.74
646 2022 12 15 42274.40 248.047705 1810 58.80 6235 22.75
647 2022 12 15 42275.00 248.067926 1810 58.80 6234 22.74
648 2022 12 15 42275.00 248.488377 1810 58.80 6235 22.75
649 2022 12 15 42276.00 248.908851 1810 58.80 6234 22.74
650 2022 12 15 42276.40 249.308851 1809 58.77 6234 22.74
651 2022 12 15 42276.40 249.729442 1810 58.80 6235 22.75
652 2022 12 15 42276.40 250.150053 1810 58.80 6235 22.75
653 2022 12 15 42277.40 250.570276 1810 58.80 6234 22.74
654 2022 12 15 42277.40 250.990824 1809 58.77 6234 22.74
655 2022 12 15 42278.40 251.411277 1810 58.80 6233 22.73
656 2022 12 15 42278.40 251.831881 1809 58.77 6235 22.75
657 2022 12 15 42279.40 252.252350 1809 58.77 6235 22.75
658 2022 12 15 42279.00 252.272886 1810 58.80 6235 22.75
659 2022 12 15 42279.00 252.693174 1809 58.77 6235 22.75
660 2022 12 15 42280.00 253.113715 1809 58.77 6234 22.74
661 2022 12 15 42280.00 253.534232 1809 58.77 6235 22.75
662 2022 12 15 42280.40 253.934232 1809 58.77 6235 22.75
663 2022 12 15 42281.40 254.354576 1809 58.77 6236 22.76
664 2022 12 15 42281.40 254.775180 1809 58.78 6234 22.74
665 2022 12 15 42282.40 255.195547 1809 58.77 6235 22.75
666 2022 12 15 42282.40 255.616059 1809 58.77 6236 22.76
667 2022 12 15 42282.40 256.036224 1809 58.78 6235 22.75
668 2022 12 15 42283.40 256.456452 1808 58.74 6236 22.76
669 2022 12 15 42283.40 256.876868 1809 58.78 6236 22.76
670 2022 12 15 42284.00 256.897436 1809 58.78 6236 22.76
671 2022 12 15 42284.00 257.318044 1808 58.74 6235 22.75
672 2022 12 15 42284.40 257.718044 1808 58.74 6236 22.76
673 2022 12 15 42284.40 258.138249 1808 58.74 6236 22.76
674 2022 12 15 42285.40 258.558662 1808 58.74 6235 22.75
675 2022 12 15 42285.40 258.979072 1808 58.74 6235 22.75
676 2022 12 15 42286.40 259.399255 1808 58.74 6236 22.76
677 2022 12 15 42286.40 259.819551 1808 58.74 6236 22.76
678 2022 12 15 42287.40 260.239943 1808 58.74 6236 22.76
679 2022 12 15 42287.40 260.660383 1808 58.74 6236 22.76
680 2022 12 15 42287.00 260.680728 1808 58.74 6236 22.76
681 2022 12 15 42288.00 261.101201 1808 58.74 6235 22.75
682 2022 12 15 42288.00 261.521685 1808 58.74 6235 22.75
683 2022 12 15 42288.40 261.921685 1808 58.74 6236 22.76
684 2022 12 15 42289.40 262.342204 1808 58.74 6236 22.76
685 2022 12 15 42289.40 262.762409 1808 58.74 6236 22.76
686 2022 12 15 42289.40 263.182841 1808 58.74 6236 22.76
687 2022 12 15 42290.40 263.603193 1808 58.74 6236 22.76
688 2022 12 15 42290.40 264.023591 1808 58.74 6235 22.75
689 2022 12 15 42291.40 264.443987 1808 58.74 6237 22.77
690 2022 12 15 42291.40 264.864148 1808 58.75 6236 22.76
691 2022 12 15 42292.00 264.884417 1808 58.74 6236 22.76
692 2022 12 15 42292.00 265.305032 1808 58.74 6237 22.77
693 2022 12 15 42292.00 265.725202 1807 58.72 6236 22.76
694 2022 12 15 42292.40 266.125202 1808 58.74 6236 22.76
695 2022 12 15 42293.40 266.545749 1807 58.71 6237 22.77
696 2022 12 15 42293.40 266.966319 1807 58.72 6236 22.76
697 2022 12 15 42294.40 267.386537 1808 58.74 6236 22.76
698 2022 12 15 42294.40 267.806904 1808 58.74 6237 22.77
699 2022 12 15 42295.40 268.227435 1808 58.75 6237 22.77
700 2022 12 15 42295.40 268.647696 1808 58.75 6236 22.76
701 2022 12 15 42295.40 269.068150 1807 58.71 6236 22.76
702 2022 12 15 42296.00 269.088595 1807 58.71 6236 22.76
703 2022 12 15 42296.00 269.509063 1807 58.71 6237 22.77
704 2022 12 15 42297.00 269.929232 1807 58.72 6236 22.76
705 2022 12 15 42297.00 270.349756 1808 58.74 6236 22.76
706 2022 12 15 42297.40 270.749756 1807 58.71 6236 22.76
707 2022 12 15 42297.40 271.169978 1807 58.71 6236 22.76
708 2022 12 15 42298.40 271.590459 1808 58.74 6237 22.77
709 2022 12 15 42298.40 272.010877 1807 58.72 6236 22.76
710 2022 12 15 42299.40 272.431260 1807 58.71 6236 22.76
711 2022 12 15 42299.40 272.851535 1808 58.74 6238 22.78
712 2022 12 15 42300.40 273.271761 1808 58.75 6236 22.76
713 2022 12 15 42300.40 273.691971 1808 58.74 6236 22.76
714 2022 12 15 42300.00 273.712183 1808 58.74 6237 22.77
715 2022 12 15 42301.00 274.132389 1808 58.75 6236 22.76
716 2022 12 15 42301.40 274.532389 1807 58.71 6236 22.76
717 2022 12 15 42301.40 274.952642 1808 58.74 6237 22.77
718 2022 12 15 42302.40 275.372868 1807 58.72 6237 22.77
719 2022 12 15 42302.40 275.793068 1807 58.72 6236 22.76
720 2022 12 15 42303.40 276.213294 1807 58.71 6236 22.76
721 2022 12 15 42303.40 276.633521 1808 58.74 6236 22.76
722 2022 12 15 42303.40 277.053784 1808 58.74 6236 22.76
723 2022 12 15 42304.40 277.474004 1808 58.74 6236 22.76
724 2022 12 15 42305.00 277.914384 1807 58.71 6236 22.76
725 2022 12 15 42305.00 278.334657 1807 58.71 6237 22.77
726 2022 12 15 42305.40 278.734657 1808 58.75 6237 22.77
727 2022 12 15 42305.40 279.155206 1807 58.72 6236 22.76
728 2022 12 15 42306.40 279.575702 1807 58.71 6236 22.76
729 2022 12 15 42306.40 279.996124 1807 58.71 6237 22.77
730 2022 12 15 42307.40 280.416350 1808 58.75 6236 22.76
731 2022 12 15 42307.40 280.836872 1807 58.71 6237 22.77
732 2022 12 15 42308.40 281.257454 1807 58.72 6237 22.77
733 2022 12 15 42308.40 281.677905 1807 58.72 6236 22.76
734 2022 12 15 42308.00 281.698246 1807 58.71 6236 22.76
735 2022 12 15 42309.00 282.118752 1807 58.71 6236 22.76
736 2022 12 15 42309.00 282.538969 1807 58.71 6236 22.76
737 2022 12 15 42309.40 282.938969 1807 58.71 6237 22.77
738 2022 12 15 42310.40 283.359444 1807 58.72 6236 22.76
739 2022 12 15 42310.40 283.780024 1807 58.71 6236 22.76
740 2022 12 15 42311.40 284.200550 1807 58.71 6235 22.75
741 2022 12 15 42311.40 284.620992 1807 58.71 6236 22.76
742 2022 12 15 42311.40 285.041560 1807 58.71 6237 22.77
743 2022 12 15 42312.40 285.462167 1807 58.72 6237 22.77
744 2022 12 15 42312.40 285.882324 1808 58.75 6236 22.76
745 2022 12 15 42313.00 285.902791 1808 58.74 6236 22.76
746 2022 12 15 42313.00 286.323301 1807 58.71 6236 22.76
747 2022 12 15 42313.00 286.743911 1807 58.71 6236 22.76
748 2022 12 15 42314.00 287.164081 1808 58.74 6236 22.76
749 2022 12 15 42314.40 287.564081 1807 58.71 6236 22.76
750 2022 12 15 42314.40 287.984282 1808 58.74 6237 22.77
751 2022 12 15 42315.40 288.404470 1807 58.72 6236 22.76
752 2022 12 15 42315.40 288.824680 1808 58.74 6236 22.76
753 2022 12 15 42316.40 289.244910 1807 58.71 6237 22.77
754 2022 12 15 42316.40 289.665149 1808 58.75 6236 22.76
755 2022 12 15 42316.40 290.085368 1808 58.74 6236 22.76
756 2022 12 15 42317.40 290.505588 1808 58.74 6234 22.74
757 2022 12 15 42317.00 290.525819 1808 58.74 6236 22.76
758 2022 12 15 42318.00 290.946039 1808 58.74 6236 22.76
759 2022 12 15 42318.40 291.346039 1808 58.74 6236 22.76
760 2022 12 15 42318.40 291.766301 1808 58.74 6236 22.76
761 2022 12 15 42318.40 292.186528 1808 58.74 6236 22.76
762 2022 12 15 42319.40 292.607072 1808 58.74 6235 22.75
763 2022 12 15 42319.40 293.027262 1808 58.74 6236 22.76
764 2022 12 15 42320.40 293.447829 1808 58.74 6236 22.76
765 2022 12 15 42320.40 293.868283 1808 58.74 6236 22.76
766 2022 12 15 42321.40 294.288844 1808 58.74 6236 22.76
767 2022 12 15 42321.00 294.729634 1808 58.74 6236 22.76
768 2022 12 15 42322.00 295.149889 1808 58.74 6235 22.75
769 2022 12 15 42322.40 295.549889 1809 58.77 6235 22.75
770 2022 12 15 42322.40 295.970378 1809 58.77 6235 22.75
771 2022 12 15 42323.40 296.390943 1808 58.74 6235 22.75
772 2022 12 15 42323.40 296.811413 1809 58.77 6234 22.74
773 2022 12 15 42324.40 297.231719 1809 58.77 6234 22.74
774 2022 12 15 42324.40 297.652331 1809 58.77 6235 22.75
775 2022 12 15 42324.40 298.072810 1809 58.77 6235 22.75
776 2022 12 15 42325.40 298.493249 1809 58.77 6235 22.75
777 2022 12 15 42325.00 298.513803 1809 58.77 6236 22.76
778 2022 12 15 42326.00 298.934245 1810 58.81 6234 22.74
779 2022 12 15 42326.00 299.354675 1809 58.77 6234 22.74
780 2022 12 15 42326.40 299.754675 1809 58.77 6234 22.74
781 2022 12 15 42326.40 300.175233 1809 58.77 6235 22.75
782 2022 12 15 42327.40 300.595761 1809 58.77 6234 22.74
783 2022 12 15 42327.40 301.016378 1809 58.77 6234 22.74
784 2022 12 15 42328.40 301.436627 1809 58.77 6234 22.74
785 2022 12 15 42328.40 301.857027 1809 58.77 6234 22.74
786 2022 12 15 42329.40 302.277578 1809 58.77 6234 22.74
787 2022 12 15 42329.40 302.698003 1810 58.80 6234 22.74
788 2022 12 15 42329.00 302.718173 1809 58.77 6234 22.74
789 2022 12 15 42330.00 303.138627 1809 58.77 6234 22.74
790 2022 12 15 42330.00 303.559188 1809 58.77 6234 22.74
791 2022 12 15 42331.00 303.979649 1809 58.77 6234 22.74
792 2022 12 15 42331.40 304.379649 1810 58.80 6234 22.74
793 2022 12 15 42331.40 304.800216 1809 58.77 6234 22.74
794 2022 12 15 42332.40 305.220758 1809 58.77 6234 22.74
795 2022 12 15 42332.40 305.640944 1810 58.80 6234 22.74
796 2022 12 15 42332.40 306.061445 1809 58.77 6234 22.74
797 2022 12 15 42333.40 306.481686 1810 58.80 6233 22.73
798 2022 12 15 42333.40 306.901979 1810 58.80 6233 22.73
799 2022 12 15 42334.40 307.322420 1810 58.80 6233 22.73
800 2022 12 15 42334.00 307.342889 1810 58.80 6234 22.74
801 2022 12 15 42334.00 307.763490 1810 58.80 6234 22.74
802 2022 12 15 42334.40 308.163490 1810 58.80 6234 22.74
803 2022 12 15 42335.40 308.583688 1810 58.80 6234 22.74
804 2022 12 15 42335.40 309.004167 1810 58.80 6234 22.74
805 2022 12 15 42336.40 309.424710 1810 58.80 6233 22.73
806 2022 12 15 42336.40 309.844977 1810 58.80 6233 22.73
807 2022 12 15 42337.40 310.265282 1810 58.80 6234 22.74
808 2022 12 15 42337.40 310.685788 1810 58.80 6233 22.73
809 2022 12 15 42337.40 311.106308 1810 58.80 6234 22.74
810 2022 12 15 42338.00 311.126858 1811 58.83 6233 22.73
811 2022 12 15 42338.00 311.547313 1810 58.80 6234 22.74
812 2022 12 15 42339.00 311.967859 1811 58.83 6235 22.75
813 2022 12 15 42339.40 312.367859 1810 58.80 6234 22.74
814 2022 12 15 42339.40 312.788121 1810 58.80 6234 22.74
815 2022 12 15 42340.40 313.208309 1810 58.80 6235 22.75
816 2022 12 15 42340.40 313.628792 1811 58.84 6234 22.74
817 2022 12 15 42340.40 314.049345 1810 58.80 6234 22.74
818 2022 12 15 42341.40 314.469906 1811 58.83 6234 22.74
819 2022 12 15 42341.40 314.890357 1811 58.83 6234 22.74
820 2022 12 15 42342.40 315.310881 1811 58.83 6233 22.73
821 2022 12 15 42342.00 315.331496 1811 58.83 6233 22.73
822 2022 12 15 42342.00 315.751862 1811 58.83 6234 22.74
823 2022 12 15 42343.00 316.172328 1811 58.83 6233 22.73
824 2022 12 15 42343.40 316.572328 1811 58.83 6234 22.74
825 2022 12 15 42343.40 316.992910 1811 58.83 6233 22.73
826 2022 12 15 42344.40 317.413552 1811 58.83 6233 22.73
827 2022 12 15 42344.40 317.833986 1811 58.83 6232 22.72
828 2022 12 15 42345.40 318.254419 1811 58.83 6232 22.72
829 2022 12 15 42345.40 318.674662 1811 58.83 6233 22.73
830 2022 12 15 42345.40 319.095266 1811 58.83 6234 22.74
831 2022 12 15 42346.40 319.515511 1812 58.86 6233 22.73
832 2022 12 15 42346.00 319.535852 1812 58.86 6233 22.73
833 2022 12 15 42347.00 319.956063 1812 58.86 6234 22.74
834 2022 12 15 42347.00 320.376519 1811 58.83 6234 22.74
835 2022 12 15 42347.40 320.776519 1811 58.83 6233 22.73
836 2022 12 15 42348.40 321.197052 1812 58.86 6233 22.73
837 2022 12 15 42348.40 321.617616 1812 58.86 6232 22.72
838 2022 12 15 42348.40 322.038073 1812 58.86 6234 22.74
839 2022 12 15 42349.40 322.458479 1812 58.86 6233 22.73
840 2022 12 15 42349.40 322.878987 1812 58.86 6234 22.74
841 2022 12 15 42350.40 323.299147 1812 58.86 6234 22.74
842 2022 12 15 42350.40 323.719697 1812 58.86 6233 22.73
843 2022 12 15 42350.40 324.140039 1812 58.86 6234 22.74
844 2022 12 15 42351.00 324.160293 1812 58.86 6232 22.72
845 2022 12 15 42351.00 324.580702 1812 58.86 6233 22.73
846 2022 12 15 42351.40 324.980702 1812 58.86 6234 22.74
847 2022 12 15 42352.40 325.400946 1812 58.86 6234 22.74
848 2022 12 15 42352.40 325.821469 1812 58.86 6233 22.73
849 2022 12 15 42353.40 326.241802 1812 58.86 6234 22.74
850 2022 12 15 42353.40 326.662340 1812 58.86 6234 22.74
851 2022 12 15 42353.40 327.082800 1812 58.86 6233 22.73
852 2022 12 15 42354.40 327.503213 1812 58.86 6233 22.73
853 2022 12 15 42354.40 327.923526 1812 58.86 6233 22.73
854 2022 12 15 42355.00 327.944093 1812 58.86 6233 22.73
855 2022 12 15 42355.00 328.364256 1812 58.86 6233 22.73
856 2022 12 15 42355.00 328.784810 1812 58.86 6234 22.74
857 2022 12 15 42355.40 329.184810 1813 58.90 6233 22.73
858 2022 12 15 42356.40 329.605352 1813 58.89 6235 22.75
859 2022 12 15 42356.40 330.025782 1812 58.87 6234 22.74
860 2022 12 15 42357.40 330.446295 1812 58.86 6236 22.76
861 2022 12 15 42357.40 330.866883 1812 58.87 6234 22.74
862 2022 12 15 42358.40 331.287464 1813 58.90 6235 22.75
863 2022 12 15 42358.40 331.707965 1812 58.87 6234 22.74
864 2022 12 15 42358.40 332.128450 1812 58.86 6235 22.75
865 2022 12 15 42359.00 332.148862 1812 58.87 6234 22.74
866 2022 12 15 42359.00 332.569235 1813 58.90 6235 22.75
867 2022 12 15 42360.00 332.989458 1812 58.87 6234 22.74
868 2022 12 15 42360.40 333.389458 1812 58.86 6234 22.74
869 2022 12 15 42360.40 333.809692 1812 58.86 6235 22.75
870 2022 12 15 42361.40 334.229923 1812 58.87 6236 22.76
871 2022 12 15 42361.40 334.650154 1812 58.87 6235 22.75
872 2022 12 15 42361.40 335.070375 1812 58.87 6235 22.75
873 2022 12 15 42362.40 335.490607 1812 58.87 6235 22.75
874 2022 12 15 42362.40 335.910830 1813 58.90 6234 22.74
875 2022 12 15 42363.40 336.331054 1812 58.86 6235 22.75
876 2022 12 15 42363.00 336.351308 1812 58.87 6236 22.76
877 2022 12 15 42363.00 336.771531 1812 58.87 6235 22.75
878 2022 12 15 42364.00 337.191733 1812 58.87 6234 22.74
879 2022 12 15 42364.40 337.591733 1812 58.86 6234 22.74
880 2022 12 15 42364.40 338.012062 1812 58.86 6236 22.76
881 2022 12 15 42365.40 338.432283 1812 58.87 6235 22.75
882 2022 12 15 42365.40 338.852467 1812 58.87 6236 22.76
883 2022 12 15 42366.40 339.272857 1812 58.87 6236 22.76
884 2022 12 15 42366.40 339.693353 1812 58.87 6236 22.76
885 2022 12 15 42366.40 340.113598 1812 58.87 6236 22.76
886 2022 12 15 42367.40 340.534132 1812 58.87 6235 22.75
887 2022 12 15 42367.40 340.954448 1812 58.87 6235 22.75
888 2022 12 15 42368.00 340.974938 1812 58.87 6236 22.76
889 2022 12 15 42368.00 341.395183 1812 58.87 6235 22.75
890 2022 12 15 42368.40 341.795183 1812 58.87 6236 22.76
891 2022 12 15 42369.40 342.215466 1812 58.87 6236 22.76
892 2022 12 15 42369.40 342.635915 1812 58.87 6236 22.76
893 2022 12 15 42369.40 343.056295 1812 58.87 6236 22.76
894 2022 12 15 42370.40 343.476909 1812 58.87 6235 22.75
895 2022 12 15 42370.40 343.897128 1812 58.87 6236 22.76
896 2022 12 15 42371.40 344.317343 1812 58.87 6236 22.76
897 2022 12 15 42371.40 344.737912 1812 58.87 6236 22.76
898 2022 12 15 42371.00 344.758553 1812 58.87 6236 22.76
899 2022 12 15 42372.00 345.178793 1812 58.87 6236 22.76
900 2022 12 15 42372.00 345.599282 1812 58.87 6236 22.76
901 2022 12 15 42372.40 345.999282 1811 58.84 6236 22.76
902 2022 12 15 42373.40 346.419867 1811 58.84 6236 22.76
903 2022 12 15 42373.40 346.840149 1811 58.84 6236 22.76
904 2022 12 15 42374.40 347.260371 1811 58.84 6236 22.76
905 2022 12 15 42374.40 347.680935 1811 58.84 6236 22.76
906 2022 12 15 42374.40 348.101407 1811 58.84 6236 22.76
907 2022 12 15 42375.40 348.521807 1811 58.84 6235 22.75
908 2022 12 15 42375.40 348.941980 1811 58.84 6236 22.76
909 2022 12 15 42376.00 348.962219 1811 58.84 6236 22.76
910 2022 12 15 42376.00 349.382831 1811 58.84 6238 22.78
911 2022 12 15 42377.00 349.803314 1811 58.84 6237 22.77
912 2022 12 15 42377.40 350.203314 1811 58.84 6237 22.77
913 2022 12 15 42377.40 350.623891 1811 58.84 6236 22.76
914 2022 12 15 42377.40 351.044387 1810 58.81 6236 22.76
915 2022 12 15 42378.40 351.464785 1811 58.84 6237 22.77
916 2022 12 15 42378.40 351.885297 1811 58.84 6237 22.77
917 2022 12 15 42379.40 352.305784 1810 58.81 6237 22.77
918 2022 12 15 42379.40 352.726301 1810 58.81 6237 22.77
919 2022 12 15 42379.40 353.146657 1810 58.81 6238 22.78
920 2022 12 15 42380.00 353.166905 1810 58.81 6238 22.78
921 2022 12 15 42380.00 353.587115 1810 58.81 6238 22.78
922 2022 12 15 42381.00 354.007319 1810 58.81 6238 22.78
923 2022 12 15 42381.40 354.407319 1810 58.81 6238 22.78
924 2022 12 15 42381.40 354.827807 1810 58.81 6238 22.78
925 2022 12 15 42382.40 355.248154 1810 58.81 6238 22.78
926 2022 12 15 42382.40 355.668401 1810 58.81 6238 22.78
927 2022 12 15 42382.40 356.088821 1810 58.81 6239 22.79
928 2022 12 15 42383.40 356.509070 1810 58.81 6238 22.78
929 2022 12 15 42383.40 356.929639 1810 58.81 6238 22.78
930 2022 12 15 42384.40 357.349879 1810 58.81 6238 22.78
931 2022 12 15 42384.40 357.770094 1810 58.81 6238 22.78
932 2022 12 15 42385.00 357.790572 1810 58.81 6238 22.78
933 2022 12 15 42385.00 358.211169 1810 58.81 6238 22.78
934 2022 12 15 42385.40 358.611169 1810 58.81 6238 22.78
935 2022 12 15 42385.40 359.031514 1810 58.81 6239 22.79
936 2022 12 15 42386.40 359.452008 1810 58.81 6238 22.78
937 2022 12 15 42386.40 359.872530 1810 58.81 6238 22.78
938 2022 12 15 42387.40 360.293084 1809 58.78 6238 22.78
939 2022 12 15 42387.40 360.713524 1810 58.81 6238 22.78
940 2022 12 15 42387.40 361.134048 1810 58.81 6238 22.78
941 2022 12 15 42388.40 361.554619 1810 58.81 6238 22.78
942 2022 12 15 42388.00 361.575031 1809 58.78 6239 22.79
943 2022 12 15 42389.00 361.995309 1809 58.78 6238 22.78
944 2022 12 15 42389.00 362.415511 1809 58.78 6238 22.78
945 2022 12 15 42389.40 362.815511 1809 58.78 6238 22.78
946 2022 12 15 42390.40 363.235731 1809 58.78 6238 22.78
947 2022 12 15 42390.40 363.655932 1809 58.78 6238 22.78
948 2022 12 15 42390.40 364.076149 1809 58.78 6239 22.79
949 2022 12 15 42391.40 364.496347 1809 58.78 6238 22.78
950 2022 12 15 42391.40 364.916565 1809 58.78 6238 22.78
951 2022 12 15 42392.40 365.336757 1809 58.78 6238 22.78
952 2022 12 15 42392.40 365.756986 1809 58.78 6238 22.78
953 2022 12 15 42392.00 365.777210 1809 58.78 6238 22.78
954 2022 12 15 42393.00 366.197533 1809 58.78 6237 22.77
955 2022 12 15 42393.00 366.617995 1808 58.75 6238 22.78
956 2022 12 15 42393.40 367.017995 1809 58.78 6238 22.78
957 2022 12 15 42394.40 367.438276 1809 58.78 6237 22.77
958 2022 12 15 42394.40 367.858539 1809 58.78 6238 22.78
959 2022 12 15 42395.40 368.279214 1809 58.78 6236 22.76
960 2022 12 15 42395.40 368.699386 1808 58.74 6237 22.77
961 2022 12 15 42395.40 369.119634 1809 58.78 6238 22.78
962 2022 12 15 42396.40 369.539881 1809 58.78 6238 22.78
963 2022 12 15 42396.40 369.960104 1809 58.78 6238 22.78
964 2022 12 15 42397.00 369.980626 1809 58.78 6238 22.78
965 2022 12 15 42397.00 370.401165 1809 58.78 6238 22.78
966 2022 12 15 42398.00 370.821751 1809 58.78 6238 22.78
967 2022 12 15 42398.40 371.221751 1809 58.78 6238 22.78
968 2022 12 15 42398.40 371.642287 1809 58.78 6238 22.78
969 2022 12 15 42398.40 372.062706 1809 58.78 6238 22.78
970 2022 12 15 42399.40 372.483310 1809 58.78 6238 22.78
971 2022 12 15 42399.40 372.903489 1809 58.78 6238 22.78
972 2022 12 15 42400.40 373.323975 1809 58.78 6237 22.77
973 2022 12 15 42400.40 373.744534 1809 58.78 6237 22.77
974 2022 12 15 42400.40 374.165018 1809 58.78 6238 22.78
975 2022 12 15 42401.40 374.585392 1809 58.78 6238 22.78
976 2022 12 15 42401.00 374.605879 1809 58.78 6237 22.77
977 2022 12 15 42402.00 375.026380 1809 58.78 6238 22.78
978 2022 12 15 42402.40 375.426380 1809 58.78 6236 22.76
979 2022 12 15 42402.40 375.847039 1808 58.74 6238 22.78
980 2022 12 15 42403.40 376.267537 1809 58.78 6238 22.78
981 2022 12 15 42403.40 376.688017 1809 58.78 6237 22.77
982 2022 12 15 42403.40 377.108565 1808 58.75 6238 22.78
983 2022 12 15 42404.40 377.529011 1809 58.78 6237 22.77
984 2022 12 15 42404.40 377.949479 1809 58.78 6236 22.76
985 2022 12 15 42405.40 378.370033 1809 58.78 6236 22.76
986 2022 12 15 42405.00 378.390499 1809 58.78 6238 22.78
987 2022 12 15 42406.00 378.810989 1809 58.78 6237 22.77
988 2022 12 15 42406.00 379.231423 1809 58.78 6238 22.78
989 2022 12 15 42406.40 379.631423 1809 58.78 6238 22.78
990 2022 12 15 42406.40 380.052075 1809 58.78 6238 22.78
991 2022 12 15 42407.40 380.472446 1810 58.81 6236 22.76
992 2022 12 15 42407.40 380.892827 1810 58.81 6237 22.77
993 2022 12 15 42408.40 381.313171 1810 58.81 6237 22.77
994 2022 12 15 42408.40 381.733783 1809 58.78 6237 22.77
995 2022 12 15 42408.40 382.154269 1809 58.78 6238 22.78
996 2022 12 15 42409.40 382.574730 1809 58.78 6237 22.77
997 2022 12 15 42409.00 382.595347 1810 58.81 6238 22.78
998 2022 12 15 42410.00 383.015686 1810 58.81 6238 22.78
999 2022 12 15 42410.00 383.436194 1809 58.78 6237 22.77
1000 2022 12 15 42410.40 383.836194 1810 58.81 6238 22.78
1001 2022 12 15 42411.40 384.256536 1809 58.78 6237 22.77
1002 2022 12 15 42411.40 384.676690 1810 58.81 6237 22.77
1003 2022 12 15 42411.40 385.097126 1810 58.81 6237 22.77
1004 2022 12 15 42412.40 385.517656 1809 58.78 6237 22.77
1005 2022 12 15 42412.40 385.938260 1810 58.81 6237 22.77
1006 2022 12 15 42413.40 386.358681 1810 58.81 6236 22.76
1007 2022 12 15 42413.40 386.779172 1810 58.81 6236 22.76
1008 2022 12 15 42414.00 386.799632 1810 58.81 6236 22.76
1009 2022 12 15 42414.00 387.220126 1810 58.81 6237 22.77
1010 2022 12 15 42414.00 387.640370 1810 58.81 6238 22.78
1011 2022 12 15 42414.40 388.040370 1810 58.81 6238 22.78
1012 2022 12 15 42415.40 388.460727 1810 58.81 6238 22.78
1013 2022 12 15 42415.40 388.880970 1810 58.81 6237 22.77
1014 2022 12 15 42416.40 389.301579 1809 58.78 6238 22.78
1015 2022 12 15 42416.40 389.721998 1810 58.81 6237 22.77
1016 2022 12 15 42416.40 390.142483 1810 58.81 6237 22.77
1017 2022 12 15 42417.40 390.562904 1810 58.81 6238 22.78
1018 2022 12 15 42417.40 390.983289 1809 58.78 6238 22.78
1019 2022 12 15 42418.00 391.003827 1809 58.78 6236 22.76
1020 2022 12 15 42418.00 391.424178 1809 58.78 6237 22.77
1021 2022 12 15 42419.00 391.844364 1810 58.81 6237 22.77
1022 2022 12 15 42419.40 392.244364 1809 58.78 6237 22.77
1023 2022 12 15 42419.40 392.664868 1809 58.78 6236 22.76
1024 2022 12 15 42419.40 393.085443 1810 58.81 6236 22.76
1025 2022 12 15 42420.40 393.505677 1809 58.78 6237 22.77
1026 2022 12 15 42420.40 393.925880 1809 58.78 6236 22.76
1027 2022 12 15 42421.40 394.346143 1809 58.78 6237 22.77
1028 2022 12 15 42421.40 394.766366 1809 58.78 6237 22.77
1029 2022 12 15 42421.40 395.186594 1809 58.78 6237 22.77
1030 2022 12 15 42422.00 395.206823 1809 58.78 6237 22.77
1031 2022 12 15 42422.00 395.627046 1809 58.78 6237 22.77
1032 2022 12 15 42423.00 396.047264 1809 58.78 6238 22.78
1033 2022 12 15 42423.40 396.447264 1809 58.78 6237 22.77
1034 2022 12 15 42423.40 396.867542 1809 58.78 6237 22.77
1035 2022 12 15 42424.40 397.287757 1809 58.78 6238 22.78
1036 2022 12 15 42424.40 397.707984 1809 58.78 6238 22.78
1037 2022 12 15 42424.40 398.128266 1809 58.78 6237 22.77
1038 2022 12 15 42425.40 398.548521 1809 58.78 6238 22.78
1039 2022 12 15 42425.40 398.969011 1809 58.78 6238 22.78
1040 2022 12 15 42426.40 399.389579 1809 58.78 6237 22.77
1041 2022 12 15 42426.00 399.410143 1809 58.78 6236 22.76
1042 2022 12 15 42427.00 399.830577 1809 58.78 6236 22.76
1043 2022 12 15 42427.00 400.250880 1809 58.78 6237 22.77
1044 2022 12 15 42427.40 400.650880 1809 58.78 6238 22.78
1045 2022 12 15 42427.40 401.071363 1809 58.78 6238 22.78
1046 2022 12 15 42428.40 401.491613 1809 58.78 6237 22.77
1047 2022 12 15 42428.40 401.912061 1809 58.78 6238 22.78
1048 2022 12 15 42429.40 402.332595 1809 58.78 6238 22.78
1049 2022 12 15 42429.40 402.753043 1809 58.78 6237 22.77
1050 2022 12 15 42429.40 403.173411 1809 58.78 6238 22.78
1051 2022 12 15 42430.40 403.593892 1809 58.78 6237 22.77
1052 2022 12 15 42430.00 403.614133 1810 58.81 6238 22.78
1053 2022 12 15 42431.00 404.034297 1809 58.78 6237 22.77
1054 2022 12 15 42431.00 404.454478 1809 58.78 6237 22.77
1055 2022 12 15 42431.40 404.854478 1809 58.78 6237 22.77
1056 2022 12 15 42432.40 405.275010 1809 58.78 6237 22.77
1057 2022 12 15 42432.40 405.695423 1809 58.78 6237 22.77
1058 2022 12 15 42432.40 406.116000 1808 58.75 6237 22.77
1059 2022 12 15 42433.40 406.536455 1809 58.78 6236 22.76
1060 2022 12 15 42433.40 406.957002 1809 58.78 6237 22.77
1061 2022 12 15 42434.40 407.377599 1808 58.75 6237 22.77
1062 2022 12 15 42434.40 407.798027 1809 58.78 6237 22.77
1063 2022 12 15 42435.00 407.818533 1808 58.75 6238 22.78
1064 2022 12 15 42435.00 408.239081 1808 58.75 6237 22.77
1065 2022 12 15 42435.00 408.659279 1808 58.75 6237 22.77
1066 2022 12 15 42435.40 409.059279 1808 58.75 6237 22.77
1067 2022 12 15 42436.40 409.479671 1808 58.75 6237 22.77
1068 2022 12 15 42436.40 409.900186 1809 58.78 6237 22.77
1069 2022 12 15 42437.40 410.320712 1808 58.75 6236 22.76
1070 2022 12 15 42437.40 410.741320 1808 58.74 6237 22.77
1071 2022 12 15 42437.40 411.161790 1808 58.75 6237 22.77
1072 2022 12 15 42438.40 411.582232 1808 58.75 6237 22.77
1073 2022 12 15 42438.40 412.002781 1808 58.75 6237 22.77
1074 2022 12 15 42439.00 412.023182 1808 58.75 6237 22.77
1075 2022 12 15 42439.00 412.443639 1808 58.75 6238 22.78
1076 2022 12 15 42440.00 412.864210 1808 58.75 6239 22.79
1077 2022 12 15 42440.40 413.264210 1808 58.75 6237 22.77
1078 2022 12 15 42440.40 413.684691 1808 58.75 6237 22.77
1079 2022 12 15 42440.40 414.105158 1808 58.75 6238 22.78
1080 2022 12 15 42441.40 414.525321 1808 58.75 6237 22.77
1081 2022 12 15 42441.40 414.945733 1808 58.75 6236 22.76
1082 2022 12 15 42442.40 415.366249 1808 58.74 6238 22.78
1083 2022 12 15 42442.40 415.786412 1807 58.72 6237 22.77
1084 2022 12 15 42443.40 416.206690 1808 58.75 6238 22.78
1085 2022 12 15 42443.00 416.227319 1808 58.75 6238 22.78
1086 2022 12 15 42443.00 416.647753 1808 58.75 6238 22.78
1087 2022 12 15 42444.00 417.068287 1808 58.75 6237 22.77
1088 2022 12 15 42444.40 417.468287 1807 58.72 6237 22.77
1089 2022 12 15 42444.40 417.888861 1808 58.75 6238 22.78
1090 2022 12 15 42445.40 418.309483 1807 58.72 6239 22.79
1091 2022 12 15 42445.40 418.729989 1807 58.72 6238 22.78
1092 2022 12 15 42445.40 419.150153 1808 58.75 6238 22.78
1093 2022 12 15 42446.40 419.570511 1808 58.75 6237 22.77
1094 2022 12 15 42446.40 419.990848 1808 58.75 6239 22.79
1095 2022 12 15 42447.40 420.411063 1807 58.72 6238 22.78
1096 2022 12 15 42447.00 420.431566 1808 58.75 6236 22.76
1097 2022 12 15 42448.00 420.852056 1808 58.74 6238 22.78
1098 2022 12 15 42448.00 421.272501 1808 58.75 6238 22.78
1099 2022 12 15 42448.40 421.672501 1808 58.75 6238 22.78
1100 2022 12 15 42448.40 422.093017 1808 58.75 6237 22.77
1101 2022 12 15 42449.40 422.513537 1808 58.75 6238 22.78
1102 2022 12 15 42449.40 422.933799 1808 58.75 6238 22.78
1103 2022 12 15 42450.40 423.354312 1808 58.75 6238 22.78
1104 2022 12 15 42450.40 423.774884 1808 58.75 6238 22.78
1105 2022 12 15 42451.40 424.195137 1808 58.75 6237 22.77
1106 2022 12 15 42451.40 424.615314 1808 58.75 6238 22.78
1107 2022 12 15 42451.00 424.635855 1809 58.78 6237 22.77
1108 2022 12 15 42452.00 425.056460 1808 58.75 6237 22.77
1109 2022 12 15 42452.00 425.476833 1808 58.75 6238 22.78
1110 2022 12 15 42452.40 425.876833 1808 58.75 6238 22.78
1111 2022 12 15 42453.40 426.297347 1808 58.75 6238 22.78
1112 2022 12 15 42453.40 426.717857 1808 58.75 6238 22.78
1113 2022 12 15 42453.40 427.138347 1809 58.78 6239 22.79
1114 2022 12 15 42454.40 427.558771 1808 58.75 6238 22.78
1115 2022 12 15 42454.40 427.979017 1808 58.75 6238 22.78
1116 2022 12 15 42455.40 428.399531 1809 58.78 6238 22.78
1117 2022 12 15 42455.40 428.819699 1808 58.75 6238 22.78
1118 2022 12 15 42456.00 428.840153 1809 58.78 6237 22.77
1119 2022 12 15 42456.00 429.260391 1809 58.78 6238 22.78
1120 2022 12 15 42456.00 429.680847 1808 58.75 6237 22.77
1121 2022 12 15 42456.40 430.080847 1809 58.78 6238 22.78
1122 2022 12 15 42457.40 430.501470 1809 58.78 6237 22.77
1123 2022 12 15 42457.40 430.921733 1808 58.75 6236 22.76
1124 2022 12 15 42458.40 431.342102 1809 58.78 6237 22.77
1125 2022 12 15 42458.40 431.762574 1809 58.78 6236 22.76
1126 2022 12 15 42458.40 432.182896 1809 58.78 6237 22.77
1127 2022 12 15 42459.40 432.603373 1808 58.75 6238 22.78
1128 2022 12 15 42459.40 433.023613 1809 58.78 6236 22.76
1129 2022 12 15 42460.00 433.043999 1809 58.78 6237 22.77
1130 2022 12 15 42460.00 433.464220 1809 58.78 6237 22.77
1131 2022 12 15 42461.00 433.884588 1809 58.78 6238 22.78
1132 2022 12 15 42461.40 434.284588 1809 58.78 6237 22.77
1133 2022 12 15 42461.40 434.704816 1809 58.78 6236 22.76
1134 2022 12 15 42461.40 435.125187 1809 58.78 6237 22.77
1135 2022 12 15 42462.40 435.545426 1809 58.78 6236 22.76
1136 2022 12 15 42462.40 435.965987 1809 58.78 6236 22.76
1137 2022 12 15 42463.40 436.386525 1808 58.74 6237 22.77
1138 2022 12 15 42463.40 436.806943 1809 58.78 6237 22.77
1139 2022 12 15 42464.40 437.227182 1809 58.78 6236 22.76
1140 2022 12 15 42464.00 437.247698 1808 58.74 6236 22.76
1141 2022 12 15 42464.00 437.667894 1809 58.78 6237 22.77
1142 2022 12 15 42465.00 438.088086 1809 58.78 6236 22.76
1143 2022 12 15 42465.40 438.488086 1809 58.78 6236 22.76
1144 2022 12 15 42465.40 438.908300 1809 58.78 6236 22.76
1145 2022 12 15 42466.40 439.328495 1809 58.78 6236 22.76
1146 2022 12 15 42466.40 439.748713 1809 58.78 6236 22.76
1147 2022 12 15 42466.40 440.168935 1809 58.78 6236 22.76
1148 2022 12 15 42467.40 440.589177 1809 58.78 6236 22.76
1149 2022 12 15 42467.40 441.009398 1808 58.74 6236 22.76
1150 2022 12 15 42468.40 441.429608 1809 58.78 6236 22.76
1151 2022 12 15 42468.00 441.449841 1808 58.74 6236 22.76
1152 2022 12 15 42469.00 441.870059 1809 58.78 6236 22.76
1153 2022 12 15 42469.00 442.290684 1808 58.74 6237 22.77
1154 2022 12 15 42469.40 442.690684 1808 58.75 6236 22.76
1155 2022 12 15 42469.40 443.111030 1809 58.78 6236 22.76
1156 2022 12 15 42470.40 443.531289 1809 58.78 6237 22.77
1157 2022 12 15 42470.40 443.951749 1809 58.78 6236 22.76
1158 2022 12 15 42471.40 444.372203 1808 58.74 6236 22.76
1159 2022 12 15 42471.40 444.792444 1809 58.78 6237 22.77
1160 2022 12 15 42472.40 445.213012 1809 58.78 6235 22.75
1161 2022 12 15 42472.40 445.633254 1809 58.77 6236 22.76
1162 2022 12 15 42472.00 445.653455 1809 58.78 6236 22.76
1163 2022 12 15 42473.00 446.073698 1809 58.78 6235 22.75
1164 2022 12 15 42473.00 446.494265 1809 58.77 6236 22.76
1165 2022 12 15 42473.40 446.894265 1809 58.78 6236 22.76
1166 2022 12 15 42474.40 447.314543 1809 58.78 6236 22.76
1167 2022 12 15 42474.40 447.734778 1810 58.81 6235 22.75
1168 2022 12 15 42474.40 448.155272 1810 58.80 6236 22.76
1169 2022 12 15 42475.40 448.575706 1809 58.78 6235 22.75
1170 2022 12 15 42475.40 448.995884 1810 58.80 6235 22.75
1171 2022 12 15 42476.40 449.416401 1810 58.80 6236 22.76
1172 2022 12 15 42476.40 449.836939 1810 58.81 6235 22.75
1173 2022 12 15 42477.00 449.857143 1810 58.80 6236 22.76
1174 2022 12 15 42477.00 450.277369 1810 58.81 6236 22.76
1175 2022 12 15 42477.00 450.697853 1810 58.81 6235 22.75
1176 2022 12 15 42477.40 451.097853 1810 58.80 6235 22.75
1177 2022 12 15 42478.40 451.518410 1811 58.84 6236 22.76
1178 2022 12 15 42478.40 451.938859 1810 58.81 6236 22.76
1179 2022 12 15 42479.40 452.359275 1811 58.84 6235 22.75
1180 2022 12 15 42479.40 452.779816 1811 58.84 6236 22.76
1181 2022 12 15 42480.40 453.200217 1810 58.81 6234 22.74
1182 2022 12 15 42480.40 453.620410 1811 58.83 6234 22.74
1183 2022 12 15 42480.40 454.040616 1811 58.83 6235 22.75
1184 2022 12 15 42481.00 454.060833 1811 58.84 6234 22.74
1185 2022 12 15 42481.00 454.480997 1811 58.83 6235 22.75
1186 2022 12 15 42482.00 454.901221 1811 58.84 6235 22.75
1187 2022 12 15 42482.40 455.301221 1811 58.84 6234 22.74
1188 2022 12 15 42482.40 455.721477 1810 58.80 6234 22.74
1189 2022 12 15 42482.40 456.141699 1810 58.80 6235 22.75
1190 2022 12 15 42483.40 456.561910 1811 58.84 6235 22.75
1191 2022 12 15 42483.40 456.982153 1811 58.84 6234 22.74
1192 2022 12 15 42484.40 457.402423 1810 58.80 6234 22.74
1193 2022 12 15 42484.40 457.822656 1810 58.80 6233 22.73
1194 2022 12 15 42485.40 458.242886 1811 58.83 6234 22.74
1195 2022 12 15 42485.00 458.263191 1811 58.83 6234 22.74
1196 2022 12 15 42485.00 458.683632 1811 58.83 6234 22.74
1197 2022 12 15 42486.00 459.104159 1811 58.83 6234 22.74
1198 2022 12 15 42486.40 459.504159 1811 58.83 6234 22.74
1199 2022 12 15 42486.40 459.924729 1811 58.83 6234 22.74
1200 2022 12 15 42487.40 460.345250 1810 58.80 6235 22.75
1201 2022 12 15 42487.40 460.765504 1811 58.84 6234 22.74
1202 2022 12 15 42487.40 461.185830 1811 58.83 6234 22.74
1203 2022 12 15 42488.40 461.606204 1811 58.83 6234 22.74
1204 2022 12 15 42488.40 462.026435 1811 58.83 6234 22.74
1205 2022 12 15 42489.40 462.446812 1811 58.83 6234 22.74
1206 2022 12 15 42489.00 462.467338 1810 58.80 6234 22.74
1207 2022 12 15 42490.00 462.887660 1811 58.83 6234 22.74
1208 2022 12 15 42490.00 463.308167 1811 58.83 6234 22.74
1209 2022 12 15 42490.40 463.708167 1811 58.83 6235 22.75
1210 2022 12 15 42490.40 464.128638 1811 58.84 6235 22.75
1211 2022 12 15 42491.40 464.548804 1811 58.84 6234 22.74
1212 2022 12 15 42491.40 464.969302 1810 58.80 6234 22.74
1213 2022 12 15 42492.40 465.389859 1811 58.83 6234 22.74
1214 2022 12 15 42492.40 465.810265 1811 58.83 6234 22.74
1215 2022 12 15 42493.40 466.230708 1811 58.83 6234 22.74
1216 2022 12 15 42493.40 466.651159 1811 58.83 6233 22.73
1217 2022 12 15 42493.00 466.671550 1811 58.83 6234 22.74
1218 2022 12 15 42494.00 467.092094 1812 58.86 6234 22.74
1219 2022 12 15 42494.00 467.512333 1811 58.83 6234 22.74
1220 2022 12 15 42494.40 467.912333 1811 58.83 6234 22.74
1221 2022 12 15 42495.40 468.332887 1811 58.83 6234 22.74
1222 2022 12 15 42495.40 468.753115 1811 58.83 6235 22.75
1223 2022 12 15 42495.40 469.173281 1812 58.87 6236 22.76
1224 2022 12 15 42496.40 469.593587 1812 58.87 6235 22.75
1225 2022 12 15 42496.40 470.014207 1811 58.84 6235 22.75
1226 2022 12 15 42497.40 470.434365 1812 58.87 6234 22.74
1227 2022 12 15 42497.40 470.854740 1812 58.86 6235 22.75
1228 2022 12 15 42498.00 470.875267 1812 58.87 6234 22.74
1229 2022 12 15 42498.00 471.295432 1812 58.86 6234 22.74
1230 2022 12 15 42498.00 471.715909 1812 58.86 6234 22.74
1231 2022 12 15 42498.40 472.115909 1812 58.86 6235 22.75
1232 2022 12 15 42499.40 472.536450 1812 58.87 6234 22.74
1233 2022 12 15 42499.40 472.956686 1811 58.83 6235 22.75
1234 2022 12 15 42500.40 473.377025 1812 58.87 6235 22.75
1235 2022 12 15 42500.40 473.797309 1812 58.87 6234 22.74
1236 2022 12 15 42501.40 474.217815 1812 58.86 6236 22.76
1237 2022 12 15 42501.40 474.637979 1812 58.87 6234 22.74
1238 2022 12 15 42501.40 475.058181 1812 58.86 6235 22.75
1239 2022 12 15 42502.00 475.078636 1812 58.87 6235 22.75
1240 2022 12 15 42502.00 475.499144 1812 58.87 6234 22.74
1241 2022 12 15 42503.00 475.919374 1812 58.86 6236 22.76
1242 2022 12 15 42503.40 476.319374 1812 58.87 6234 22.74
1243 2022 12 15 42503.40 476.740020 1813 58.90 6235 22.75
1244 2022 12 15 42503.40 477.160448 1812 58.87 6235 22.75
1245 2022 12 15 42504.40 477.580854 1812 58.87 6234 22.74
1246 2022 12 15 42504.40 478.001071 1812 58.86 6234 22.74
1247 2022 12 15 42505.40 478.421308 1813 58.90 6235 22.75
1248 2022 12 15 42505.40 478.841820 1813 58.90 6234 22.74
1249 2022 12 15 42506.40 479.262393 1813 58.90 6234 22.74
1250 2022 12 15 42506.00 479.282920 1813 58.90 6235 22.75
1251 2022 12 15 42506.00 479.703407 1813 58.90 6235 22.75
1252 2022 12 15 42507.00 480.123941 1813 58.90 6235 22.75
1253 2022 12 15 42507.40 480.523941 1813 58.90 6234 22.74
1254 2022 12 15 42507.40 480.944598 1813 58.90 6234 22.74
1255 2022 12 15 42508.40 481.364770 1813 58.90 6235 22.75
1256 2022 12 15 42508.40 481.785245 1813 58.90 6234 22.74
1257 2022 12 15 42509.40 482.205553 1813 58.90 6234 22.74
1258 2022 12 15 42509.40 482.626171 1813 58.90 6234 22.74
1259 2022 12 15 42509.40 483.046635 1813 58.90 6234 22.74
1260 2022 12 15 42510.40 483.467021 1813 58.90 6235 22.75
1261 2022 12 15 42510.00 483.487503 1813 58.90 6234 22.74
1262 2022 12 15 42511.00 483.908123 1813 58.90 6235 22.75
1263 2022 12 15 42511.00 484.328290 1813 58.90 6234 22.74
1264 2022 12 15 42511.40 484.728290 1813 58.90 6234 22.74
1265 2022 12 15 42511.40 485.148811 1813 58.90 6234 22.74
1266 2022 12 15 42512.40 485.569333 1813 58.90 6235 22.75
1267 2022 12 15 42512.40 485.989571 1812 58.87 6234 22.74
1268 2022 12 15 42513.40 486.410029 1813 58.90 6234 22.74
1269 2022 12 15 42513.40 486.830323 1812 58.86 6234 22.74
1270 2022 12 15 42514.40 487.250754 1813 58.90 6235 22.75
1271 2022 12 15 42514.40 487.671227 1812 58.87 6236 22.76
1272 2022 12 15 42514.00 487.691472 1812 58.87 6235 22.75
1273 2022 12 15 42515.00 488.112072 1812 58.87 6236 22.76
1274 2022 12 15 42515.00 488.532278 1812 58.87 6236 22.76
1275 2022 12 15 42515.40 488.932278 1813 58.90 6236 22.76
1276 2022 12 15 42516.40 489.352811 1813 58.90 6235 22.75
1277 2022 12 15 42516.40 489.773066 1812 58.87 6235 22.75
1278 2022 12 15 42517.40 490.193631 1813 58.90 6236 22.76
1279 2022 12 15 42517.40 490.613829 1812 58.87 6235 22.75
1280 2022 12 15 42517.40 491.034028 1812 58.87 6236 22.76
1281 2022 12 15 42518.40 491.454543 1812 58.87 6235 22.75
1282 2022 12 15 42518.40 491.874868 1812 58.87 6235 22.75
1283 2022 12 15 42519.00 491.895177 1812 58.87 6236 22.76
1284 2022 12 15 42519.00 492.315600 1812 58.87 6236 22.76
1285 2022 12 15 42519.00 492.736047 1812 58.87 6236 22.76
1286 2022 12 15 42519.40 493.136047 1812 58.87 6236 22.76
1287 2022 12 15 42520.40 493.556275 1812 58.87 6237 22.77
1288 2022 12 15 42520.40 493.976774 1812 58.87 6236 22.76
1289 2022 12 15 42521.40 494.397186 1811 58.84 6236 22.76
1290 2022 12 15 42521.40 494.817386 1811 58.84 6236 22.76
1291 2022 12 15 42522.40 495.237823 1812 58.87 6236 22.76
1292 2022 12 15 42522.40 495.658260 1811 58.84 6237 22.77
1293 2022 12 15 42522.40 496.078852 1811 58.84 6236 22.76
1294 2022 12 15 42523.00 496.099183 1811 58.84 6237 22.77
1295 2022 12 15 42523.00 496.519663 1811 58.84 6238 22.78
1296 2022 12 15 42524.00 496.940064 1811 58.84 6237 22.77
1297 2022 12 15 42524.40 497.340064 1811 58.84 6237 22.77
1298 2022 12 15 42524.40 497.760660 1811 58.84 6237 22.77
1299 2022 12 15 42524.40 498.181050 1811 58.84 6237 22.77
1300 2022 12 15 42525.40 498.601529 1810 58.81 6237 22.77
1301 2022 12 15 42525.40 499.022106 1811 58.84 6238 22.78
1302 2022 12 15 42526.40 499.442317 1811 58.84 6237 22.77
1303 2022 12 15 42526.40 499.862782 1811 58.84 6238 22.78
1304 2022 12 15 42527.40 500.282944 1811 58.84 6238 22.78
1305 2022 12 15 42527.00 500.303556 1810 58.81 6238 22.78
1306 2022 12 15 42527.00 500.724109 1810 58.81 6238 22.78
1307 2022 12 15 42528.00 501.144611 1810 58.81 6239 22.79
1308 2022 12 15 42528.40 501.544611 1810 58.81 6238 22.78
1309 2022 12 15 42528.40 501.964858 1810 58.81 6238 22.78
1310 2022 12 15 42529.40 502.385257 1811 58.84 6238 22.78
1311 2022 12 15 42529.40 502.805688 1810 58.81 6238 22.78
1312 2022 12 15 42530.40 503.225929 1811 58.84 6238 22.78
1313 2022 12 15 42530.40 503.646481 1810 58.81 6239 22.79
1314 2022 12 15 42530.40 504.066997 1810 58.81 6238 22.78
1315 2022 12 15 42531.40 504.487413 1810 58.81 6238 22.78
1316 2022 12 15 42531.00 504.507585 1810 58.81 6238 22.78
1317 2022 12 15 42532.00 504.927805 1810 58.81 6239 22.79
1318 2022 12 15 42532.00 505.348115 1810 58.81 6239 22.79
1319 2022 12 15 42532.40 505.748115 1810 58.81 6239 22.79
1320 2022 12 15 42532.40 506.168663 1810 58.81 6239 22.79
1321 2022 12 15 42533.40 506.589086 1810 58.81 6240 22.80
1322 2022 12 15 42533.40 507.009613 1810 58.81 6238 22.78
1323 2022 12 15 42534.40 507.430060 1810 58.81 6239 22.79
1324 2022 12 15 42534.40 507.850275 1810 58.81 6238 22.78
1325 2022 12 15 42535.40 508.270867 1810 58.81 6238 22.78
1326 2022 12 15 42535.40 508.691355 1809 58.78 6238 22.78
1327 2022 12 15 42535.00 508.711817 1810 58.81 6238 22.78
1328 2022 12 15 42536.00 509.132366 1809 58.78 6238 22.78
1329 2022 12 15 42536.00 509.552984 1810 58.81 6238 22.78
1330 2022 12 15 42536.40 509.952984 1810 58.81 6238 22.78
1331 2022 12 15 42537.40 510.373169 1810 58.81 6239 22.79
1332 2022 12 15 42537.40 510.793675 1809 58.78 6239 22.79
1333 2022 12 15 42538.40 511.214249 1810 58.81 6238 22.78
1334 2022 12 15 42538.40 511.634546 1810 58.81 6238 22.78
1335 2022 12 15 42538.40 512.054779 1810 58.81 6238 22.78
1336 2022 12 15 42539.40 512.475308 1810 58.81 6238 22.78
1337 2022 12 15 42539.40 512.895809 1810 58.81 6238 22.78
1338 2022 12 15 42540.00 512.916015 1810 58.81 6236 22.76
1339 2022 12 15 42540.00 513.336199 1810 58.81 6236 22.76
1340 2022 12 15 42540.00 513.756409 1810 58.81 6237 22.77
1341 2022 12 15 42540.40 514.156409 1810 58.81 6238 22.78
1342 2022 12 15 42541.40 514.576660 1809 58.78 6237 22.77
1343 2022 12 15 42541.40 514.996821 1810 58.81 6237 22.77
1344 2022 12 15 42542.40 515.417046 1810 58.81 6237 22.77
1345 2022 12 15 42542.40 515.837271 1810 58.81 6238 22.78
1346 2022 12 15 42543.40 516.257551 1810 58.81 6238 22.78
1347 2022 12 15 42543.40 516.677778 1810 58.81 6237 22.77
1348 2022 12 15 42543.40 517.098008 1809 58.78 6238 22.78
1349 2022 12 15 42544.00 517.118239 1809 58.78 6238 22.78
1350 2022 12 15 42544.00 517.538459 1810 58.81 6238 22.78
1351 2022 12 15 42545.00 517.958675 1810 58.81 6238 22.78
1352 2022 12 15 42545.40 518.358675 1810 58.81 6238 22.78
1353 2022 12 15 42545.40 518.778973 1810 58.81 6238 22.78
1354 2022 12 15 42546.40 519.199479 1809 58.78 6238 22.78
1355 2022 12 15 42546.40 519.619682 1809 58.78 6238 22.78
1356 2022 12 15 42546.40 520.040202 1809 58.78 6238 22.78
1357 2022 12 15 42547.40 520.460378 1809 58.78 6239 22.79
1358 2022 12 15 42547.40 520.881000 1809 58.78 6240 22.80
1359 2022 12 15 42548.40 521.301414 1809 58.78 6240 22.80
1360 2022 12 15 42548.00 521.321879 1809 58.78 6240 22.80
1361 2022 12 15 42548.00 521.742313 1809 58.78 6239 22.79
1362 2022 12 15 42549.00 522.162788 1809 58.78 6238 22.78
1363 2022 12 15 42549.40 522.562788 1808 58.75 6238 22.78
1364 2022 12 15 42549.40 522.983336 1809 58.78 6240 22.80
1365 2022 12 15 42550.40 523.403858 1808 58.75 6239 22.79
1366 2022 12 15 42550.40 523.824106 1809 58.78 6237 22.77
1367 2022 12 15 42551.40 524.244340 1809 58.78 6239 22.79
1368 2022 12 15 42551.40 524.664500 1808 58.75 6238 22.78
1369 2022 12 15 42551.40 525.084888 1808 58.75 6238 22.78
1370 2022 12 15 42552.40 525.505471 1808 58.75 6238 22.78
1371 2022 12 15 42553.00 525.946404 1808 58.75 6238 22.78
1372 2022 12 15 42553.00 526.366926 1808 58.75 6238 22.78
1373 2022 12 15 42553.40 526.766926 1808 58.75 6238 22.78
1374 2022 12 15 42553.40 527.187164 1808 58.75 6238 22.78
1375 2022 12 15 42554.40 527.607662 1808 58.75 6239 22.79
1376 2022 12 15 42554.40 528.027908 1808 58.75 6238 22.78
1377 2022 12 15 42555.40 528.448459 1808 58.75 6238 22.78
1378 2022 12 15 42555.40 528.868843 1808 58.75 6239 22.79
1379 2022 12 15 42556.40 529.289303 1808 58.75 6238 22.78
1380 2022 12 15 42556.40 529.709510 1808 58.75 6238 22.78
1381 2022 12 15 42556.00 529.730137 1808 58.75 6238 22.78
1382 2022 12 15 42557.00 530.150296 1808 58.75 6237 22.77
1383 2022 12 15 42557.00 530.570762 1808 58.75 6238 22.78
1384 2022 12 15 42557.40 530.970762 1808 58.75 6238 22.78
1385 2022 12 15 42558.40 531.391417 1808 58.75 6238 22.78
1386 2022 12 15 42558.40 531.811721 1808 58.75 6237 22.77
1387 2022 12 15 42559.40 532.231977 1808 58.75 6238 22.78
1388 2022 12 15 42559.40 532.652534 1808 58.75 6238 22.78
1389 2022 12 15 42559.40 533.073151 1808 58.75 6238 22.78
1390 2022 12 15 42560.40 533.493435 1808 58.75 6237 22.77
1391 2022 12 15 42560.40 533.913923 1808 58.75 6237 22.77
1392 2022 12 15 42561.00 533.934374 1808 58.75 6238 22.78
1393 2022 12 15 42561.00 534.354994 1808 58.75 6238 22.78
1394 2022 12 15 42561.00 534.775485 1808 58.75 6237 22.77
1395 2022 12 15 42561.40 535.175485 1808 58.75 6237 22.77
1396 2022 12 15 42562.40 535.595856 1808 58.75 6236 22.76
1397 2022 12 15 42562.40 536.016470 1808 58.74 6237 22.77
1398 2022 12 15 42563.40 536.436698 1808 58.75 6237 22.77
1399 2022 12 15 42563.40 536.857215 1808 58.75 6237 22.77
1400 2022 12 15 42564.40 537.277804 1808 58.75 6238 22.78
1401 2022 12 15 42564.40 537.698014 1808 58.75 6237 22.77
1402 2022 12 15 42564.40 538.118493 1808 58.75 6237 22.77
1403 2022 12 15 42565.00 538.138839 1808 58.75 6236 22.76
1404 2022 12 15 42565.00 538.559066 1809 58.78 6237 22.77
1405 2022 12 15 42566.00 538.979310 1808 58.75 6238 22.78
1406 2022 12 15 42566.40 539.379310 1808 58.75 6237 22.77
1407 2022 12 15 42566.40 539.799845 1808 58.75 6237 22.77
1408 2022 12 15 42567.40 540.220404 1809 58.78 6237 22.77
1409 2022 12 15 42567.40 540.640559 1809 58.78 6236 22.76
1410 2022 12 15 42567.40 541.060989 1809 58.78 6236 22.76
1411 2022 12 15 42568.40 541.481512 1809 58.78 6236 22.76
1412 2022 12 15 42568.40 541.901766 1809 58.78 6236 22.76
1413 2022 12 15 42569.40 542.322351 1810 58.81 6237 22.77
1414 2022 12 15 42569.00 542.342841 1809 58.78 6237 22.77
1415 2022 12 15 42569.00 542.763384 1809 58.78 6237 22.77
1416 2022 12 15 42570.00 543.183610 1810 58.81 6237 22.77
1417 2022 12 15 42570.40 543.583610 1810 58.81 6236 22.76
1418 2022 12 15 42570.40 544.004075 1810 58.81 6236 22.76
1419 2022 12 15 42571.40 544.424538 1810 58.81 6236 22.76
1420 2022 12 15 42571.40 544.844718 1810 58.81 6236 22.76
1421 2022 12 15 42572.40 545.265184 1810 58.81 6237 22.77
1422 2022 12 15 42572.40 545.685654 1810 58.81 6237 22.77
1423 2022 12 15 42572.40 546.105816 1810 58.81 6234 22.74
1424 2022 12 15 42573.40 546.526066 1810 58.80 6236 22.76
1425 2022 12 15 42573.00 546.546636 1810 58.81 6237 22.77
1426 2022 12 15 42574.00 546.967074 1810 58.81 6236 22.76
1427 2022 12 15 42574.00 547.387312 1810 58.81 6236 22.76
1428 2022 12 15 42574.40 547.787312 1810 58.81 6236 22.76
1429 2022 12 15 42575.40 548.207659 1810 58.81 6236 22.76
1430 2022 12 15 42575.40 548.628009 1810 58.81 6236 22.76
1431 2022 12 15 42575.40 549.048519 1810 58.81 6236 22.76
1432 2022 12 15 42576.40 549.468854 1810 58.81 6236 22.76
1433 2022 12 15 42576.40 549.889155 1810 58.81 6234 22.74
1434 2022 12 15 42577.40 550.309577 1810 58.80 6236 22.76
1435 2022 12 15 42577.40 550.729742 1810 58.81 6236 22.76
1436 2022 12 15 42577.00 550.749987 1810 58.81 6237 22.77
1437 2022 12 15 42578.00 551.170266 1810 58.81 6235 22.75
1438 2022 12 15 42578.00 551.590754 1810 58.80 6236 22.76
1439 2022 12 15 42578.40 551.990754 1810 58.81 6236 22.76
1440 2022 12 15 42579.40 552.411250 1810 58.81 6236 22.76
1441 2022 12 15 42579.40 552.831835 1810 58.81 6236 22.76
1442 2022 12 15 42580.40 553.252264 1810 58.81 6235 22.75
1443 2022 12 15 42580.40 553.672713 1810 58.80 6236 22.76
1444 2022 12 15 42580.40 554.093303 1811 58.84 6236 22.76
1445 2022 12 15 42581.40 554.513809 1810 58.81 6236 22.76
1446 2022 12 15 42581.40 554.934026 1810 58.81 6236 22.76
1447 2022 12 15 42582.00 554.954569 1811 58.84 6236 22.76
1448 2022 12 15 42582.00 555.374905 1810 58.81 6236 22.76
1449 2022 12 15 42583.00 555.795273 1811 58.84 6236 22.76
1450 2022 12 15 42583.40 556.195273 1811 58.84 6236 22.76
1451 2022 12 15 42583.40 556.615611 1811 58.84 6235 22.75
1452 2022 12 15 42583.40 557.036105 1811 58.84 6236 22.76
1453 2022 12 15 42584.40 557.456713 1810 58.81 6236 22.76
1454 2022 12 15 42584.40 557.877055 1811 58.84 6236 22.76
1455 2022 12 15 42585.40 558.297583 1811 58.84 6236 22.76
1456 2022 12 15 42585.40 558.717826 1811 58.84 6236 22.76
1457 2022 12 15 42585.40 559.138324 1811 58.84 6237 22.77
1458 2022 12 15 42586.00 559.158545 1811 58.84 6236 22.76
1459 2022 12 15 42586.00 559.578872 1811 58.84 6236 22.76
1460 2022 12 15 42587.00 559.999312 1811 58.84 6236 22.76
1461 2022 12 15 42587.40 560.399312 1811 58.84 6237 22.77
1462 2022 12 15 42587.40 560.819546 1811 58.84 6236 22.76
1463 2022 12 15 42588.40 561.240001 1811 58.84 6236 22.76
1464 2022 12 15 42588.40 561.660385 1811 58.84 6236 22.76
1465 2022 12 15 42588.40 562.080891 1810 58.81 6236 22.76
1466 2022 12 15 42589.40 562.501305 1810 58.81 6235 22.75
1467 2022 12 15 42589.40 562.921758 1811 58.84 6236 22.76
1468 2022 12 15 42590.40 563.342362 1811 58.84 6236 22.76
1469 2022 12 15 42590.00 563.362593 1811 58.84 6236 22.76
1470 2022 12 15 42590.00 563.783097 1810 58.81 6236 22.76
1471 2022 12 15 42591.00 564.203545 1810 58.81 6236 22.76
1472 2022 12 15 42591.40 564.603545 1811 58.84 6236 22.76
1473 2022 12 15 42591.40 565.023831 1810 58.81 6236 22.76
1474 2022 12 15 42592.40 565.444279 1810 58.81 6237 22.77
1475 2022 12 15 42592.40 565.864801 1811 58.84 6236 22.76
1476 2022 12 15 42593.40 566.285070 1811 58.84 6236 22.76
1477 2022 12 15 42593.40 566.705543 1811 58.84 6236 22.76
1478 2022 12 15 42593.40 567.126041 1811 58.84 6236 22.76
1479 2022 12 15 42594.40 567.546402 1811 58.84 6237 22.77
1480 2022 12 15 42594.00 567.566786 1811 58.84 6237 22.77
1481 2022 12 15 42595.00 567.987113 1810 58.81 6237 22.77
1482 2022 12 15 42595.00 568.407628 1811 58.84 6237 22.77
1483 2022 12 15 42595.40 568.807628 1811 58.84 6236 22.76
1484 2022 12 15 42596.40 569.228220 1810 58.81 6237 22.77
1485 2022 12 15 42596.40 569.648719 1811 58.84 6237 22.77
1486 2022 12 15 42596.40 570.069127 1811 58.84 6237 22.77
1487 2022 12 15 42597.40 570.489378 1811 58.84 6236 22.76
1488 2022 12 15 42597.40 570.909808 1811 58.84 6236 22.76
1489 2022 12 15 42598.40 571.330412 1811 58.84 6236 22.76
1490 2022 12 15 42598.40 571.750908 1811 58.84 6236 22.76
1491 2022 12 15 42598.00 571.771143 1811 58.84 6236 22.76
1492 2022 12 15 42599.00 572.191768 1811 58.84 6236 22.76
1493 2022 12 15 42599.00 572.612220 1810 58.81 6236 22.76
1494 2022 12 15 42599.40 573.012220 1810 58.81 6236 22.76
1495 2022 12 15 42600.40 573.432495 1810 58.81 6236 22.76
1496 2022 12 15 42600.40 573.852697 1810 58.81 6236 22.76
1497 2022 12 15 42601.40 574.272910 1811 58.84 6236 22.76
1498 2022 12 15 42601.40 574.693187 1810 58.81 6236 22.76
1499 2022 12 15 42601.40 575.113824 1810 58.81 6236 22.76
1500 2022 12 15 42602.40 575.534440 1811 58.84 6236 22.76
1501 2022 12 15 42602.40 575.954707 1810 58.81 6236 22.76
1502 2022 12 15 42603.00 575.974942 1810 58.81 6236 22.76
1503 2022 12 15 42603.00 576.395186 1810 58.81 6236 22.76
1504 2022 12 15 42604.00 576.815901 1811 58.84 6236 22.76
1505 2022 12 15 42604.40 577.215901 1810 58.81 6236 22.76
1506 2022 12 15 42604.40 577.636173 1810 58.81 6236 22.76
1507 2022 12 15 42604.40 578.056396 1810 58.81 6236 22.76
1508 2022 12 15 42605.40 578.476653 1810 58.81 6236 22.76
1509 2022 12 15 42605.40 578.897213 1810 58.81 6236 22.76
1510 2022 12 15 42606.40 579.317712 1810 58.81 6236 22.76
1511 2022 12 15 42606.40 579.738288 1810 58.81 6236 22.76
1512 2022 12 15 42606.40 580.158829 1810 58.81 6236 22.76
1513 2022 12 15 42607.00 580.179025 1810 58.81 6236 22.76
1514 2022 12 15 42607.00 580.599547 1810 58.81 6236 22.76
1515 2022 12 15 42608.00 581.020137 1810 58.81 6237 22.77
1516 2022 12 15 42608.40 581.420137 1810 58.81 6236 22.76
1517 2022 12 15 42608.40 581.840799 1809 58.78 6237 22.77
1518 2022 12 15 42609.40 582.261145 1809 58.78 6236 22.76
1519 2022 12 15 42609.40 582.681667 1810 58.81 6236 22.76
1520 2022 12 15 42609.40 583.102167 1809 58.78 6236 22.76
1521 2022 12 15 42610.40 583.522342 1809 58.78 6236 22.76
1522 2022 12 15 42610.40 583.942860 1810 58.81 6236 22.76
1523 2022 12 15 42611.40 584.363181 1809 58.78 6237 22.77
1524 2022 12 15 42611.00 584.383418 1810 58.81 6236 22.76
1525 2022 12 15 42612.00 584.803581 1809 58.78 6236 22.76
1526 2022 12 15 42612.00 585.224082 1809 58.78 6237 22.77
1527 2022 12 15 42612.40 585.624082 1809 58.78 6236 22.76
1528 2022 12 15 42612.40 586.044643 1809 58.78 6236 22.76
1529 2022 12 15 42613.40 586.464842 1809 58.78 6236 22.76
1530 2022 12 15 42613.40 586.885313 1809 58.78 6238 22.78
1531 2022 12 15 42614.40 587.305784 1809 58.78 6236 22.76
1532 2022 12 15 42614.40 587.726392 1809 58.78 6236 22.76
1533 2022 12 15 42614.40 588.146777 1809 58.78 6237 22.77
1534 2022 12 15 42615.40 588.566976 1809 58.78 6236 22.76
1535 2022 12 15 42615.00 588.587154 1809 58.78 6237 22.77
1536 2022 12 15 42616.00 589.007331 1809 58.78 6236 22.76
1537 2022 12 15 42616.00 589.427516 1809 58.78 6236 22.76
1538 2022 12 15 42616.40 589.827516 1809 58.78 6235 22.75
1539 2022 12 15 42617.40 590.247749 1809 58.77 6236 22.76
1540 2022 12 15 42617.40 590.667902 1808 58.74 6236 22.76
1541 2022 12 15 42617.40 591.088149 1808 58.74 6236 22.76
1542 2022 12 15 42618.40 591.508371 1808 58.74 6237 22.77
1543 2022 12 15 42618.40 591.928586 1808 58.75 6236 22.76
1544 2022 12 15 42619.40 592.348816 1809 58.78 6236 22.76
1545 2022 12 15 42619.40 592.769037 1809 58.78 6236 22.76
1546 2022 12 15 42620.00 592.789554 1808 58.74 6236 22.76
1547 2022 12 15 42620.00 593.209988 1809 58.78 6236 22.76
1548 2022 12 15 42620.00 593.630476 1809 58.78 6236 22.76
1549 2022 12 15 42620.40 594.030476 1809 58.78 6235 22.75
1550 2022 12 15 42621.40 594.450911 1808 58.74 6236 22.76
1551 2022 12 15 42621.40 594.871438 1809 58.78 6236 22.76
1552 2022 12 15 42622.40 595.291913 1808 58.74 6236 22.76
1553 2022 12 15 42622.40 595.712215 1808 58.74 6236 22.76
1554 2022 12 15 42622.40 596.132439 1809 58.78 6235 22.75
1555 2022 12 15 42623.40 596.553001 1809 58.77 6236 22.76
1556 2022 12 15 42623.40 596.973620 1809 58.78 6236 22.76
1557 2022 12 15 42624.00 596.994019 1808 58.74 6236 22.76
1558 2022 12 15 42624.00 597.414538 1809 58.78 6236 22.76
1559 2022 12 15 42625.00 597.835128 1808 58.74 6236 22.76
1560 2022 12 15 42625.40 598.235128 1809 58.78 6235 22.75
1561 2022 12 15 42625.40 598.655617 1808 58.74 6236 22.76
1562 2022 12 15 42625.40 599.076021 1809 58.78 6235 22.75
1563 2022 12 15 42626.40 599.496518 1809 58.77 6235 22.75
1564 2022 12 15 42626.40 599.916725 1809 58.77 6236 22.76
1565 2022 12 15 42627.40 600.336987 1809 58.78 6236 22.76
1566 2022 12 15 42627.40 600.757142 1809 58.78 6236 22.76
1567 2022 12 15 42627.40 601.177612 1809 58.78 6235 22.75
