Wavelength (nm)	Reflectance
300	0.6281165
301	0.621696
302	0.6136742
303	0.6040543
304	0.59272
305	0.5796771
306	0.5649361
307	0.5484965
308	0.5304188
309	0.5108051
310	0.4897298
311	0.4675674
312	0.4445099
313	0.4209921
314	0.3974918
315	0.3746287
316	0.3530865
317	0.3335929
318	0.3168934
319	0.3036069
320	0.294274
321	0.2891873
322	0.2884431
323	0.2919625
324	0.29946
325	0.310408
326	0.3240524
327	0.3398717
328	0.357238
329	0.375507
330	0.394148
331	0.41273
332	0.4308508
333	0.4482054
334	0.4645862
335	0.4798878
336	0.4939538
337	0.5067637
338	0.5182797
339	0.5284895
340	0.5374519
341	0.5452346
342	0.5517749
343	0.5571361
344	0.561381
345	0.5645425
346	0.5666438
347	0.5677299
348	0.5678284
349	0.5669588
350	0.565154
351	0.5624281
352	0.5588499
353	0.554471
354	0.549237
355	0.5431741
356	0.5361851
357	0.5282912
358	0.5194809
359	0.509504
360	0.4984434
361	0.486158
362	0.4727314
363	0.4581474
364	0.442438
365	0.4258298
366	0.4084816
367	0.3907376
368	0.3729775
369	0.355775
370	0.3392038
371	0.3239571
372	0.3101307
373	0.2982145
374	0.2882732
375	0.2805381
376	0.2751501
377	0.2719544
378	0.2711545
379	0.2724917
380	0.2757565
381	0.2807319
382	0.2871101
383	0.2947225
384	0.3033973
385	0.3127111
386	0.3227089
387	0.332941
388	0.3433692
389	0.3538108
390	0.3640593
391	0.3741947
392	0.3839071
393	0.393289
394	0.4022049
395	0.4105655
396	0.4185043
397	0.4257943
398	0.4325377
399	0.4386781
400	0.4441517
401	0.4490793
402	0.4533359
403	0.4570057
404	0.4601071
405	0.4625559
406	0.464417
407	0.4656556
408	0.466295
409	0.4664442
410	0.4659813
411	0.4649692
412	0.4634225
413	0.4612857
414	0.4586669
415	0.4555139
416	0.4517967
417	0.4476248
418	0.4429093
419	0.4376671
420	0.4319689
421	0.4257466
422	0.419036
423	0.4118825
424	0.4042387
425	0.396157
426	0.3877161
427	0.3788467
428	0.3696003
429	0.3600033
430	0.3500501
431	0.3398081
432	0.3293102
433	0.3185593
434	0.3076627
435	0.2966685
436	0.2855054
437	0.2742576
438	0.2629757
439	0.2517497
440	0.2406805
441	0.2299681
442	0.2195026
443	0.2093559
444	0.1996099
445	0.1903124
446	0.181492
447	0.1733337
448	0.1658051
449	0.1589582
450	0.152834
451	0.1474897
452	0.1429619
453	0.1393042
454	0.1365186
455	0.1345818
456	0.1335013
457	0.133295
458	0.1339078
459	0.1353144
460	0.1375124
461	0.1404079
462	0.1439747
463	0.1481671
464	0.1529346
465	0.1582229
466	0.1640269
467	0.1703643
468	0.1770874
469	0.1841291
470	0.1914096
471	0.1987995
472	0.206343
473	0.2139942
474	0.2219085
475	0.2299065
476	0.2378962
477	0.2458078
478	0.2534501
479	0.2609848
480	0.2683862
481	0.2756871
482	0.2828756
483	0.2898683
484	0.2966492
485	0.3032025
486	0.3095194
487	0.3155913
488	0.3214103
489	0.3269677
490	0.3322607
491	0.3372852
492	0.3420389
493	0.3465554
494	0.3507964
495	0.354761
496	0.3584502
497	0.3618775
498	0.3650315
499	0.3679133
500	0.3705273
501	0.3728842
502	0.3749753
503	0.3768028
504	0.3783687
505	0.379669
506	0.380728
507	0.3815354
508	0.3820938
509	0.3824433
510	0.3825471
511	0.382403
512	0.3820139
513	0.3813853
514	0.3805226
515	0.3794282
516	0.378112
517	0.37659
518	0.3748703
519	0.3729319
520	0.3707779
521	0.3683968
522	0.3658014
523	0.3629977
524	0.3599893
525	0.3567799
526	0.3534087
527	0.3498528
528	0.3461083
529	0.3421795
530	0.3380737
531	0.3338082
532	0.3293746
533	0.3247782
534	0.3200243
535	0.3151435
536	0.3101015
537	0.304919
538	0.299603
539	0.2941605
540	0.2885808
541	0.2829243
542	0.2771644
543	0.2713099
544	0.2653758
545	0.2593857
546	0.2533303
547	0.2472198
548	0.2410649
549	0.2348603
550	0.2286105
551	0.2223495
552	0.2160896
553	0.2098439
554	0.2036768
555	0.1975975
556	0.1915714
557	0.1856109
558	0.1797295
559	0.1739189
560	0.1681961
561	0.1625935
562	0.1571248
563	0.1518033
564	0.1466565
565	0.1416987
566	0.1369236
567	0.1323429
568	0.1279676
569	0.1238068
570	0.1198696
571	0.1161698
572	0.1127164
573	0.1095168
574	0.1065784
575	0.103918
576	0.1015289
577	0.0994157
578	0.0975814
579	0.0960284
580	0.0947624
581	0.0937771
582	0.0930669
583	0.0926303
584	0.0924651
585	0.0925708
586	0.092967
587	0.0936282
588	0.0945488
589	0.0957224
590	0.0971418
591	0.0988073
592	0.1007086
593	0.1028319
594	0.1051682
595	0.1077077
596	0.1104407
597	0.1133621
598	0.1164566
599	0.1197134
600	0.1231217
601	0.1266343
602	0.1302748
603	0.1340304
604	0.1378937
605	0.1418543
606	0.1459429
607	0.1501102
608	0.1543473
609	0.1586463
610	0.1629958
611	0.1673441
612	0.1717249
613	0.17613
614	0.1805565
615	0.185008
616	0.1895043
617	0.1939955
618	0.1984751
619	0.2029365
620	0.207372
621	0.2117586
622	0.2161102
623	0.2204217
624	0.2247043
625	0.2289381
626	0.2330794
627	0.2371786
628	0.241221
629	0.2452009
630	0.2491194
631	0.2529718
632	0.2567534
633	0.2604633
634	0.2640995
635	0.2676591
636	0.2711733
637	0.2746074
638	0.2779585
639	0.2812254
640	0.284401
641	0.2874609
642	0.2904353
643	0.2933162
644	0.2961058
645	0.2988084
646	0.3014518
647	0.3040142
648	0.3064871
649	0.3088705
650	0.3111697
651	0.3133591
652	0.3154609
653	0.3174828
654	0.3194262
655	0.3212824
656	0.323052
657	0.324748
658	0.3263578
659	0.3278819
660	0.329311
661	0.3306598
662	0.3319227
663	0.3331002
664	0.3341952
665	0.3352058
666	0.3361231
667	0.3369618
668	0.3377232
669	0.3384042
670	0.3390052
671	0.3395282
672	0.3399728
673	0.3403394
674	0.3406302
675	0.3408502
676	0.3409941
677	0.3410628
678	0.3410629
679	0.3409947
680	0.3408532
681	0.3406378
682	0.3403566
683	0.3400047
684	0.339581
685	0.3390859
686	0.3385261
687	0.3378975
688	0.337201
689	0.336437
690	0.3356054
691	0.3347079
692	0.3337453
693	0.3327176
694	0.3316251
695	0.3304695
696	0.3292516
697	0.3279703
698	0.326626
699	0.3252215
700	0.3237577
701	0.3222389
702	0.3206652
703	0.3190344
704	0.3173474
705	0.3156059
706	0.3138106
707	0.3119615
708	0.3100594
709	0.308099
710	0.3060819
711	0.3040145
712	0.3018978
713	0.2997436
714	0.2975544
715	0.2953185
716	0.2930369
717	0.2907158
718	0.2883605
719	0.2859625
720	0.2835227
721	0.2810296
722	0.2784906
723	0.2759128
724	0.2732974
725	0.2706457
726	0.2679523
727	0.2652248
728	0.2624646
729	0.2596729
730	0.2568609
731	0.2540368
732	0.2511855
733	0.2483082
734	0.2454085
735	0.2424889
736	0.2395475
737	0.2365857
738	0.2336048
739	0.2305934
740	0.2275662
741	0.2245248
742	0.2214706
743	0.2184039
744	0.215327
745	0.212242
746	0.2091508
747	0.2060544
748	0.2029501
749	0.1998447
750	0.1967399
751	0.1936374
752	0.1905478
753	0.1874693
754	0.1843984
755	0.1813366
756	0.1782861
757	0.1752596
758	0.1722476
759	0.1692519
760	0.1662742
761	0.1633307
762	0.1604109
763	0.1575142
764	0.1546423
765	0.1517969
766	0.1489839
767	0.1462027
768	0.1434532
769	0.1407371
770	0.138056
771	0.1353877
772	0.1327576
773	0.1301681
774	0.1276208
775	0.1251161
776	0.1226467
777	0.1202244
778	0.1178505
779	0.1155266
780	0.1132566
781	0.1110473
782	0.1088918
783	0.1067915
784	0.1047476
785	0.1027604
786	0.1008303
787	0.09896
788	0.0971505
789	0.0954029
790	0.0937198
791	0.0921037
792	0.090552
793	0.0890655
794	0.0876449
795	0.086289
796	0.0849948
797	0.0837683
798	0.0826099
799	0.0815199
800	0.0804979
801	0.0795384
802	0.0786482
803	0.0778276
804	0.0770766
805	0.0763952
806	0.0758003
807	0.0752759
808	0.0748207
809	0.0744347
810	0.0741174
811	0.0738751
812	0.0737046
813	0.0736011
814	0.0735639
815	0.0735928
816	0.0736824
817	0.0738279
818	0.0740376
819	0.0743106
820	0.0746463
821	0.0750499
822	0.0755088
823	0.076028
824	0.076607
825	0.077245
826	0.077941
827	0.078696
828	0.0795093
829	0.0803774
830	0.0812992
831	0.0822644
832	0.0832804
833	0.0843461
834	0.0854603
835	0.086622
836	0.0878297
837	0.0890824
838	0.0903788
839	0.0917177
840	0.0930979
841	0.0945298
842	0.0960008
843	0.0975097
844	0.0990552
845	0.1006361
846	0.1022511
847	0.1038989
848	0.1055781
849	0.1072877
850	0.1090263
851	0.1107926
852	0.1125855
853	0.1144035
854	0.1162457
855	0.1181108
856	0.1199975
857	0.1219048
858	0.1238313
859	0.1257759
860	0.1277376
861	0.1297007
862	0.1316785
863	0.1336699
864	0.1356737
865	0.1376891
866	0.1397149
867	0.1417502
868	0.143794
869	0.1458451
870	0.147903
871	0.1499813
872	0.1520644
873	0.1541513
874	0.1562413
875	0.1583333
876	0.1604267
877	0.1625205
878	0.164614
879	0.1667064
880	0.1687969
881	0.1708701
882	0.1729401
883	0.1750061
884	0.1770675
885	0.1791236
886	0.1811824
887	0.1832477
888	0.1853061
889	0.187357
890	0.1893999
891	0.1914342
892	0.1934593
893	0.1954749
894	0.1974803
895	0.1994752
896	0.201459
897	0.2034314
898	0.2053919
899	0.2073401
900	0.2092755
901	0.2112113
902	0.2131335
903	0.2150418
904	0.2169357
905	0.218815
906	0.2206793
907	0.2225284
908	0.224362
909	0.2261798
910	0.2279815
911	0.2297546
912	0.2315114
913	0.2332516
914	0.2349751
915	0.2366817
916	0.238371
917	0.2400431
918	0.2416978
919	0.2433348
920	0.244954
921	0.2465665
922	0.2481607
923	0.2497364
924	0.2512936
925	0.2528322
926	0.254352
927	0.255853
928	0.257335
929	0.2587981
930	0.2602421
931	0.2616571
932	0.263053
933	0.26443
934	0.265788
935	0.267127
936	0.2684468
937	0.2697475
938	0.2710291
939	0.2722915
940	0.2735347
941	0.2747588
942	0.2759636
943	0.2771493
944	0.2783158
945	0.2794631
946	0.2805912
947	0.2817001
948	0.28279
949	0.2838608
950	0.2849125
951	0.2859525
952	0.2869733
953	0.2879748
954	0.2889604
955	0.2899343
956	0.2908892
957	0.2918251
958	0.2927419
959	0.2936399
960	0.294519
961	0.2953732
962	0.2962088
963	0.2970261
964	0.2978249
965	0.2986054
966	0.2993676
967	0.3001116
968	0.3008375
969	0.3015453
970	0.3022351
971	0.3029069
972	0.303561
973	0.3041972
974	0.3048157
975	0.3054165
976	0.3059999
977	0.3065657
978	0.3071141
979	0.3076452
980	0.308159
981	0.3086593
982	0.3091423
983	0.309608
984	0.3100566
985	0.3104881
986	0.3109025
987	0.3113001
988	0.3116809
989	0.3120449
990	0.3123922
991	0.3127205
992	0.3130325
993	0.3133284
994	0.3136081
995	0.3138718
996	0.3141196
997	0.3143516
998	0.3145678
999	0.3147683
1000	0.3149533
